Wavelength,20.0,22.0,24.0,26.0,28.0,30.0,32.0,34.0,36.0,38.0,40.0,42.0,44.0,46.0,48.0,50.0,52.0,54.0,56.0,58.0,60.0,62.0,64.0,66.0,68.0,70.0,72.0,74.0,76.0,78.0,80.0,82.0,84.0,86.0,88.0,90.0,92.0,94.0,96.0,98.0,100.0
330.0,0.690073,0.594515,0.55885,0.53923,0.518909,0.572465,0.529252,0.535038,0.553952,0.578594,0.615396,0.599001,0.598129,0.521206,0.58463,0.549599,0.580404,0.602872,0.523112,0.500564,0.508665,0.473675,0.462383,0.452004,0.427164,0.452789,0.430922,0.45392,0.489877,0.493656,0.369092,0.482802,0.474593,0.412534,0.449928,0.433836,0.416314,0.422019,0.356426,0.416018,0.359595
329.5,0.690435,0.605249,0.545716,0.544413,0.530282,0.549292,0.512822,0.514569,0.552011,0.59967,0.625183,0.601897,0.598848,0.519017,0.577216,0.537235,0.575467,0.604657,0.5441,0.511669,0.502561,0.476797,0.421921,0.453695,0.455033,0.43755,0.444836,0.448509,0.485369,0.484736,0.402036,0.480866,0.474701,0.424608,0.454074,0.441275,0.443013,0.404459,0.364644,0.390242,0.364532
329.0,0.697104,0.613594,0.539834,0.542031,0.5522,0.523191,0.511314,0.504031,0.539964,0.604565,0.622541,0.600647,0.592043,0.531511,0.585907,0.54389,0.56643,0.612619,0.545288,0.512455,0.511338,0.480524,0.411955,0.464398,0.461613,0.456915,0.47477,0.441575,0.506257,0.482867,0.408866,0.471653,0.470591,0.426925,0.445359,0.448967,0.440004,0.402753,0.397843,0.378232,0.359207
328.5,0.68736,0.599005,0.534644,0.524888,0.520019,0.512783,0.497171,0.504198,0.544028,0.59938,0.621365,0.589038,0.583251,0.536599,0.586902,0.543401,0.563792,0.606096,0.52873,0.521813,0.506663,0.466812,0.409982,0.446037,0.454368,0.46981,0.454406,0.429242,0.514101,0.480349,0.407167,0.476281,0.479963,0.44101,0.425127,0.451567,0.44867,0.423389,0.416523,0.403924,0.375066
328.0,0.689045,0.607496,0.542317,0.513248,0.51441,0.496625,0.485801,0.506105,0.547135,0.585067,0.634261,0.582159,0.595377,0.530009,0.589668,0.537625,0.56521,0.603664,0.529242,0.53405,0.511624,0.471372,0.408896,0.458195,0.448045,0.472435,0.457988,0.431725,0.507298,0.485958,0.400102,0.473911,0.487527,0.45505,0.417484,0.442674,0.456393,0.439601,0.426258,0.41833,0.381205
327.5,0.689428,0.616657,0.537546,0.523412,0.501708,0.488638,0.470129,0.502105,0.535986,0.590396,0.630522,0.590622,0.596263,0.543587,0.591348,0.530173,0.574834,0.624653,0.545992,0.525627,0.491664,0.472533,0.424356,0.448188,0.434571,0.452507,0.458297,0.446161,0.482753,0.49322,0.416614,0.469291,0.482725,0.460999,0.405838,0.432824,0.444778,0.453531,0.411712,0.406684,0.374616
327.0,0.670414,0.651876,0.531721,0.530833,0.510353,0.467749,0.469352,0.492722,0.531645,0.579804,0.619327,0.584248,0.589464,0.534227,0.602647,0.54372,0.584474,0.614808,0.553704,0.53402,0.502517,0.464507,0.428221,0.448325,0.438557,0.45152,0.448666,0.471227,0.475854,0.479815,0.420291,0.4706,0.465826,0.468687,0.413402,0.443012,0.440208,0.448497,0.418102,0.418823,0.390098
326.5,0.680347,0.607382,0.518823,0.522907,0.506739,0.456796,0.480799,0.509802,0.530887,0.579915,0.620913,0.60632,0.595319,0.534285,0.586658,0.579348,0.574167,0.60725,0.585818,0.529049,0.506019,0.473523,0.44864,0.433871,0.442642,0.453436,0.435473,0.466658,0.4748,0.472262,0.433683,0.479965,0.470035,0.456763,0.426474,0.429364,0.45432,0.439375,0.4186,0.430851,0.407294
326.0,0.685047,0.609274,0.517203,0.522984,0.495034,0.447159,0.486679,0.520222,0.527599,0.588435,0.591422,0.615549,0.594624,0.539289,0.604189,0.576774,0.584436,0.611581,0.604031,0.525465,0.524794,0.491156,0.458478,0.441874,0.439867,0.453656,0.431505,0.454109,0.469988,0.46182,0.429896,0.486419,0.476146,0.443897,0.423563,0.432615,0.439119,0.431619,0.417204,0.441764,0.423238
325.5,0.672441,0.61238,0.52946,0.514454,0.469714,0.457287,0.501105,0.517318,0.51528,0.597741,0.600785,0.631127,0.592528,0.544382,0.602236,0.55779,0.579057,0.622462,0.603873,0.52285,0.520226,0.499115,0.45393,0.439232,0.443836,0.462816,0.396336,0.454145,0.455321,0.446074,0.445527,0.483939,0.486325,0.446427,0.421119,0.442087,0.443157,0.430819,0.416674,0.461279,0.43479
325.0,0.683554,0.617013,0.53218,0.538273,0.451206,0.470445,0.49909,0.514188,0.511579,0.607624,0.605321,0.611145,0.577869,0.541786,0.601095,0.553694,0.583982,0.638952,0.573783,0.520445,0.513721,0.508778,0.438366,0.459055,0.440298,0.494878,0.3927,0.460501,0.469933,0.447983,0.446474,0.486449,0.480132,0.461643,0.419631,0.426841,0.439875,0.420697,0.408359,0.456903,0.423642
324.5,0.667218,0.614437,0.578204,0.553258,0.46144,0.476233,0.500875,0.525639,0.517239,0.595335,0.614159,0.605171,0.57724,0.537838,0.607595,0.559053,0.596656,0.619658,0.555192,0.508022,0.507081,0.514062,0.439799,0.446181,0.446629,0.499627,0.39339,0.456896,0.489635,0.429242,0.437422,0.497174,0.495043,0.454837,0.421653,0.427149,0.445584,0.423436,0.422144,0.4568,0.441947
324.0,0.680959,0.608138,0.578721,0.564355,0.494262,0.486649,0.499564,0.518595,0.52599,0.605508,0.621812,0.614734,0.582502,0.531187,0.606093,0.560011,0.606069,0.615335,0.546088,0.523746,0.500406,0.52485,0.447625,0.438232,0.448421,0.490074,0.395023,0.468667,0.4844,0.413947,0.424881,0.487714,0.49492,0.437495,0.429293,0.420648,0.435342,0.401246,0.436242,0.447258,0.407799
323.5,0.670866,0.612912,0.578406,0.554311,0.489441,0.499977,0.50095,0.525302,0.529356,0.60055,0.651759,0.619453,0.569641,0.518913,0.597799,0.558852,0.613336,0.629943,0.532951,0.524793,0.504111,0.530984,0.469067,0.428465,0.429757,0.493235,0.422232,0.468217,0.471153,0.435894,0.422542,0.47822,0.49481,0.414901,0.432611,0.410213,0.434239,0.395227,0.44493,0.438605,0.418868
323.0,0.680142,0.598592,0.585831,0.545369,0.472002,0.524642,0.503357,0.540298,0.530833,0.583519,0.648656,0.610395,0.566993,0.523047,0.60177,0.576392,0.609037,0.622571,0.509282,0.520522,0.48918,0.539571,0.475034,0.434853,0.41895,0.497311,0.433537,0.475416,0.488261,0.441635,0.417725,0.466935,0.506325,0.422969,0.444027,0.40517,0.429074,0.419214,0.455354,0.451908,0.408595
322.5,0.665172,0.587049,0.594503,0.536491,0.446074,0.560734,0.511872,0.558212,0.538853,0.57456,0.657958,0.598653,0.566652,0.527527,0.594027,0.585713,0.596296,0.605104,0.495631,0.51384,0.490612,0.535727,0.496812,0.430973,0.43343,0.485309,0.425487,0.474666,0.490004,0.433324,0.400615,0.478146,0.502379,0.406856,0.46073,0.384628,0.41291,0.423856,0.453806,0.45883,0.404687
322.0,0.653127,0.59628,0.588104,0.532539,0.457499,0.565659,0.525487,0.5684,0.519282,0.550657,0.660477,0.592293,0.580222,0.535438,0.5717,0.598791,0.589484,0.604254,0.492154,0.509518,0.490312,0.530067,0.503266,0.435815,0.437032,0.464484,0.418975,0.477873,0.469254,0.452114,0.411915,0.467791,0.48482,0.419234,0.456141,0.381111,0.390754,0.423607,0.442367,0.452771,0.392781
321.5,0.664882,0.586588,0.598129,0.542102,0.474487,0.56309,0.552353,0.563391,0.516753,0.563381,0.648196,0.589821,0.565187,0.533347,0.546027,0.603447,0.595637,0.600883,0.485763,0.495578,0.508559,0.538513,0.485002,0.454649,0.419355,0.466779,0.431905,0.484427,0.453446,0.441813,0.426544,0.474894,0.476616,0.419886,0.462052,0.376332,0.382999,0.412148,0.423868,0.440258,0.397503
321.0,0.670482,0.570946,0.603484,0.559327,0.491693,0.565228,0.5767,0.538834,0.514644,0.570111,0.630713,0.578056,0.571814,0.50715,0.544098,0.606189,0.576923,0.564707,0.479315,0.518107,0.514515,0.528665,0.471198,0.446204,0.436098,0.478464,0.434867,0.474699,0.471224,0.440429,0.417322,0.495815,0.474794,0.418751,0.44695,0.396169,0.368655,0.392798,0.425188,0.457813,0.405292
320.5,0.65544,0.56644,0.590618,0.570065,0.494113,0.5868,0.583966,0.548069,0.507452,0.57618,0.626878,0.56695,0.561454,0.511295,0.544625,0.606047,0.569967,0.544729,0.473174,0.531604,0.510046,0.5305,0.487312,0.454206,0.437331,0.480232,0.42584,0.467451,0.475442,0.43574,0.432724,0.493781,0.4728,0.432996,0.445398,0.375292,0.380164,0.387354,0.448273,0.458034,0.41333
320.0,0.651129,0.56203,0.598546,0.569527,0.517699,0.572553,0.577044,0.544584,0.511673,0.562519,0.621428,0.553912,0.548977,0.528361,0.535918,0.582352,0.55689,0.547758,0.457734,0.537459,0.514192,0.541332,0.471151,0.46097,0.443731,0.470769,0.44481,0.479068,0.484226,0.441549,0.440952,0.492587,0.461231,0.44965,0.432207,0.388063,0.378635,0.399345,0.454472,0.463519,0.410295
319.5,0.621399,0.586199,0.573946,0.562853,0.542791,0.570712,0.58851,0.538654,0.500599,0.564676,0.624331,0.549127,0.557186,0.524691,0.528423,0.533136,0.558344,0.55649,0.44126,0.532422,0.515166,0.52776,0.453707,0.440293,0.44257,0.464206,0.458512,0.481615,0.484082,0.447699,0.451597,0.471633,0.452932,0.452008,0.435787,0.395082,0.378085,0.410064,0.457332,0.448698,0.422875
319.0,0.620628,0.576333,0.578118,0.575388,0.563108,0.567052,0.591305,0.548168,0.509136,0.555563,0.619024,0.554571,0.57298,0.521479,0.509539,0.550048,0.568633,0.552654,0.430946,0.512451,0.498544,0.513305,0.463113,0.446317,0.435506,0.458831,0.47224,0.497883,0.495176,0.44317,0.435479,0.449997,0.428263,0.475493,0.427653,0.401227,0.385168,0.415101,0.458504,0.415708,0.412087
318.5,0.61372,0.578249,0.555423,0.56335,0.570629,0.561898,0.587761,0.552366,0.501207,0.568661,0.60362,0.545652,0.568812,0.515852,0.494116,0.551906,0.535747,0.562612,0.453194,0.513586,0.506748,0.501772,0.466887,0.449634,0.432858,0.460522,0.463619,0.486819,0.490974,0.430101,0.443512,0.454519,0.431369,0.463883,0.429334,0.397122,0.381347,0.420366,0.465746,0.394572,0.407486
318.0,0.624659,0.583016,0.531311,0.557683,0.558812,0.567751,0.583262,0.540869,0.518031,0.567397,0.604577,0.545639,0.576126,0.522503,0.478313,0.55868,0.537947,0.576402,0.475062,0.526302,0.497645,0.493887,0.44972,0.459037,0.427995,0.46894,0.448983,0.48664,0.479092,0.435389,0.449724,0.432509,0.423086,0.476872,0.445447,0.398618,0.374826,0.41643,0.457338,0.398751,0.397484
317.5,0.602695,0.596664,0.535718,0.549486,0.55251,0.569958,0.581845,0.545892,0.520306,0.576863,0.595018,0.525625,0.564719,0.508903,0.477286,0.566459,0.525093,0.567358,0.456039,0.531615,0.505472,0.480042,0.442862,0.464336,0.426191,0.481049,0.44802,0.480216,0.464609,0.436418,0.458059,0.416722,0.44409,0.481254,0.433005,0.408691,0.373908,0.431322,0.438997,0.420628,0.405545
317.0,0.59346,0.601947,0.531498,0.561374,0.538806,0.566467,0.587347,0.553504,0.497495,0.578162,0.572237,0.511117,0.565511,0.504451,0.480632,0.574886,0.520151,0.543816,0.466442,0.521641,0.499667,0.480523,0.408909,0.45674,0.432137,0.482269,0.436361,0.470702,0.487177,0.439279,0.476517,0.420494,0.435127,0.482095,0.424606,0.409313,0.37488,0.422376,0.438119,0.412679,0.417971
316.5,0.584072,0.605264,0.531818,0.587254,0.533211,0.574307,0.592052,0.55329,0.481404,0.586788,0.572081,0.534367,0.575974,0.521715,0.473643,0.576589,0.530709,0.5492,0.468859,0.513878,0.499939,0.475178,0.405932,0.434045,0.431755,0.477924,0.433486,0.450079,0.48727,0.444494,0.483396,0.434514,0.428888,0.478128,0.402747,0.408557,0.374482,0.411328,0.420143,0.428105,0.427188
316.0,0.591631,0.594705,0.51838,0.580067,0.538558,0.560535,0.591374,0.547672,0.479115,0.586436,0.55898,0.543178,0.576103,0.523107,0.461866,0.57409,0.53141,0.551645,0.458142,0.515187,0.509086,0.443895,0.404274,0.416972,0.439668,0.476299,0.403947,0.453349,0.462206,0.458871,0.474844,0.437683,0.417057,0.46073,0.385297,0.417787,0.392656,0.418597,0.422419,0.427072,0.443454
315.5,0.606427,0.580918,0.510417,0.576866,0.539938,0.563301,0.606179,0.534494,0.490597,0.592172,0.562031,0.535989,0.567607,0.528106,0.452049,0.559621,0.537067,0.576543,0.464214,0.513263,0.503873,0.472018,0.400223,0.427056,0.436948,0.488873,0.416439,0.448458,0.45089,0.441757,0.48862,0.42424,0.416628,0.463844,0.391047,0.443888,0.411113,0.427155,0.404806,0.427899,0.441315
315.0,0.6036,0.588221,0.489187,0.57641,0.53279,0.564965,0.596418,0.540881,0.522766,0.611784,0.570773,0.531893,0.571681,0.520477,0.469683,0.555973,0.540544,0.571471,0.464178,0.524073,0.481636,0.458958,0.420868,0.415039,0.444951,0.491877,0.414529,0.438902,0.451634,0.434674,0.47324,0.413881,0.420667,0.452574,0.402482,0.430206,0.41205,0.420563,0.409165,0.443991,0.458971
314.5,0.603659,0.588685,0.486889,0.563133,0.524987,0.568298,0.578802,0.558088,0.528914,0.595636,0.587714,0.545962,0.562556,0.555226,0.470777,0.568468,0.548684,0.571016,0.483525,0.524535,0.484289,0.464778,0.430568,0.418144,0.465811,0.477188,0.41374,0.449497,0.446368,0.43843,0.458188,0.395538,0.429187,0.444176,0.414002,0.417597,0.430709,0.428978,0.421555,0.451354,0.450649
314.0,0.615679,0.598982,0.500586,0.558547,0.511671,0.558488,0.573514,0.566766,0.530814,0.581774,0.60695,0.550326,0.586249,0.561367,0.484032,0.576992,0.545926,0.571215,0.493232,0.50421,0.484556,0.459804,0.414457,0.41475,0.459064,0.476971,0.430479,0.429452,0.43898,0.430926,0.449509,0.392254,0.450378,0.437208,0.414618,0.422628,0.440911,0.428173,0.413461,0.438933,0.461231
313.5,0.616577,0.599674,0.505829,0.54055,0.493972,0.570367,0.583491,0.563478,0.547724,0.592592,0.602498,0.55604,0.606143,0.574391,0.50066,0.571403,0.550323,0.551913,0.485547,0.499941,0.496671,0.44899,0.43621,0.43328,0.45764,0.471872,0.431117,0.425285,0.429028,0.434979,0.457133,0.393835,0.466434,0.42784,0.40882,0.426016,0.447628,0.430994,0.394743,0.432439,0.453269
313.0,0.635559,0.589996,0.521442,0.564107,0.474963,0.580514,0.575022,0.558168,0.579944,0.58827,0.614745,0.547815,0.613684,0.599921,0.49701,0.588412,0.549385,0.531539,0.499107,0.508203,0.49823,0.465616,0.431055,0.453532,0.441768,0.484126,0.448112,0.445035,0.420699,0.433281,0.45617,0.382875,0.476575,0.451609,0.401558,0.413066,0.444249,0.432671,0.408849,0.417403,0.446444
312.5,0.651465,0.613298,0.524306,0.57136,0.465224,0.579794,0.579342,0.552418,0.589653,0.580363,0.640211,0.565409,0.614655,0.59136,0.49818,0.600383,0.543496,0.523573,0.529005,0.506826,0.521593,0.468653,0.425489,0.46996,0.440769,0.485861,0.462405,0.446795,0.425471,0.433558,0.464491,0.409116,0.475205,0.458811,0.389156,0.407314,0.436396,0.439777,0.400088,0.457198,0.46003
312.0,0.649514,0.60075,0.527079,0.569204,0.47312,0.559788,0.573058,0.539912,0.605401,0.578397,0.642628,0.539541,0.616561,0.609595,0.501632,0.589479,0.55256,0.510573,0.51691,0.519143,0.526802,0.455914,0.411274,0.473798,0.441792,0.478541,0.453023,0.458707,0.438009,0.445635,0.457482,0.402366,0.479168,0.45725,0.37214,0.414904,0.440746,0.451442,0.39901,0.477282,0.473993
311.5,0.648141,0.583028,0.564164,0.569604,0.481202,0.547625,0.560715,0.544653,0.600801,0.583656,0.637361,0.562033,0.632362,0.610193,0.530748,0.585728,0.536775,0.518166,0.499774,0.519313,0.545474,0.470313,0.41613,0.461388,0.444761,0.456536,0.495747,0.467642,0.453515,0.461142,0.466596,0.422073,0.49564,0.448019,0.36457,0.420966,0.450053,0.464971,0.410263,0.470521,0.491339
311.0,0.675093,0.6007,0.570736,0.581193,0.48144,0.563187,0.558406,0.550592,0.581805,0.590226,0.632346,0.564317,0.64617,0.626344,0.515665,0.580691,0.557396,0.526615,0.528997,0.516697,0.55136,0.458491,0.41932,0.469664,0.444345,0.447128,0.510626,0.49263,0.466794,0.468433,0.447797,0.43661,0.492085,0.46516,0.340348,0.435958,0.439092,0.458766,0.391772,0.454315,0.498977
310.5,0.682664,0.598509,0.578693,0.587124,0.489767,0.590241,0.579312,0.558031,0.607558,0.585548,0.660652,0.562057,0.655379,0.652065,0.517581,0.579749,0.557217,0.5417,0.545199,0.528913,0.562051,0.466031,0.433955,0.479342,0.462283,0.45143,0.520191,0.479269,0.465561,0.469279,0.450784,0.447085,0.496514,0.468375,0.368439,0.450858,0.442981,0.467194,0.385502,0.457765,0.488342
310.0,0.695856,0.603719,0.598167,0.593119,0.522033,0.583498,0.591913,0.569105,0.640875,0.575268,0.656554,0.572091,0.654203,0.660284,0.550278,0.578568,0.54828,0.549873,0.56022,0.554517,0.579081,0.477824,0.448307,0.492977,0.459874,0.451836,0.525687,0.49023,0.463197,0.466324,0.442845,0.444152,0.508242,0.495813,0.373797,0.464127,0.447892,0.459464,0.408124,0.452168,0.47109
309.5,0.688566,0.617675,0.627081,0.611574,0.541446,0.599669,0.596173,0.594106,0.64623,0.596113,0.67661,0.582648,0.667696,0.662843,0.559691,0.576408,0.578032,0.559182,0.583854,0.549257,0.606035,0.47721,0.461103,0.524221,0.440139,0.472604,0.548497,0.49495,0.459781,0.483732,0.440718,0.456487,0.51838,0.514705,0.364001,0.46895,0.477916,0.443566,0.409818,0.453693,0.446132
309.0,0.712229,0.616144,0.651305,0.647068,0.542267,0.604723,0.588941,0.59067,0.660525,0.616494,0.679704,0.60843,0.667652,0.694455,0.570248,0.592631,0.583191,0.552464,0.591926,0.54356,0.604169,0.488127,0.46493,0.533944,0.441732,0.490543,0.571397,0.522276,0.482775,0.483731,0.454332,0.466203,0.534245,0.531311,0.375332,0.449724,0.47342,0.455569,0.427734,0.46111,0.47119
308.5,0.712458,0.63009,0.669461,0.670044,0.572021,0.613213,0.609121,0.586288,0.687027,0.616477,0.684786,0.617752,0.683714,0.687458,0.600445,0.601195,0.60356,0.563108,0.602706,0.550161,0.6214,0.509011,0.471291,0.534959,0.455192,0.49055,0.589168,0.532539,0.515602,0.496314,0.464941,0.49371,0.540877,0.539722,0.385226,0.468156,0.489477,0.44755,0.440682,0.45132,0.480762
308.0,0.747795,0.653245,0.694268,0.701673,0.600461,0.625795,0.638836,0.601525,0.69092,0.638479,0.681609,0.632113,0.707391,0.718268,0.614347,0.597656,0.613582,0.58109,0.613073,0.549576,0.614006,0.529724,0.491557,0.546522,0.463248,0.506447,0.616171,0.556157,0.543715,0.494315,0.491765,0.526749,0.545445,0.561083,0.414034,0.498692,0.503783,0.46074,0.436685,0.443615,0.501525
307.5,0.754877,0.681082,0.722044,0.718047,0.607207,0.638608,0.659344,0.621572,0.696284,0.669171,0.715529,0.643961,0.72154,0.744536,0.621949,0.617842,0.627941,0.598643,0.621056,0.55218,0.621442,0.553451,0.518039,0.564753,0.474564,0.547685,0.62584,0.609625,0.578279,0.510132,0.515211,0.547503,0.54444,0.570412,0.410341,0.508648,0.499435,0.486297,0.469112,0.454403,0.506229
307.0,0.793502,0.681411,0.765102,0.752676,0.642049,0.659682,0.677275,0.647767,0.713411,0.6881,0.731345,0.675207,0.733967,0.750703,0.636232,0.654301,0.661039,0.616517,0.650519,0.563353,0.64363,0.55157,0.548481,0.578532,0.508581,0.585321,0.633378,0.625003,0.587613,0.533698,0.514851,0.542239,0.572958,0.57431,0.437828,0.528109,0.504021,0.500764,0.471276,0.458356,0.501982
306.5,0.818915,0.704456,0.798817,0.782375,0.676031,0.676745,0.688986,0.676945,0.726411,0.718992,0.753508,0.697957,0.76699,0.76779,0.660651,0.678613,0.703113,0.640067,0.659624,0.568761,0.664822,0.575842,0.595073,0.580409,0.555849,0.616351,0.643805,0.632646,0.62401,0.551694,0.505378,0.548459,0.59158,0.586396,0.45175,0.534452,0.493629,0.502277,0.501605,0.467587,0.501535
306.0,0.850634,0.735246,0.826816,0.810149,0.7056,0.71104,0.707251,0.700882,0.752113,0.747862,0.773424,0.692875,0.774773,0.801627,0.6832,0.713292,0.750492,0.649711,0.692663,0.589675,0.670375,0.596403,0.644058,0.584587,0.610828,0.626551,0.666149,0.648741,0.64154,0.565845,0.520061,0.559734,0.634993,0.589369,0.475549,0.541576,0.522889,0.515013,0.488784,0.482668,0.48889
305.5,0.891214,0.763969,0.842526,0.834686,0.730497,0.76954,0.736126,0.744389,0.771351,0.785107,0.812485,0.744657,0.798886,0.846109,0.729269,0.751921,0.787666,0.665686,0.711144,0.631832,0.683765,0.633097,0.677223,0.599896,0.644183,0.668997,0.697895,0.654933,0.633009,0.589253,0.569325,0.57643,0.646276,0.59577,0.506057,0.540511,0.50568,0.503081,0.510186,0.469168,0.478421
305.0,0.936183,0.820097,0.87812,0.870315,0.775339,0.818995,0.799303,0.790889,0.793856,0.820609,0.83177,0.789719,0.830536,0.886648,0.752486,0.779596,0.82415,0.697078,0.768385,0.642833,0.69742,0.656382,0.711206,0.624371,0.669109,0.707488,0.707586,0.6557,0.660649,0.616348,0.59255,0.59435,0.683033,0.609261,0.521857,0.542821,0.506958,0.510377,0.535676,0.484183,0.48519
304.5,0.969279,0.855161,0.893325,0.913433,0.818398,0.841169,0.855058,0.821515,0.83567,0.836718,0.879544,0.836093,0.853165,0.922349,0.804332,0.808147,0.849432,0.73485,0.770868,0.666507,0.720625,0.695409,0.763963,0.649452,0.6858,0.738583,0.722647,0.669478,0.686327,0.632681,0.614304,0.633386,0.701664,0.615088,0.545756,0.555761,0.52122,0.507304,0.563773,0.498684,0.505142
304.0,0.997931,0.891252,0.919766,0.935768,0.852864,0.880911,0.892904,0.83296,0.8634,0.867179,0.921743,0.890203,0.90219,0.93375,0.86137,0.839821,0.865773,0.768772,0.799816,0.702236,0.752473,0.726464,0.811598,0.678737,0.729304,0.769971,0.725098,0.700744,0.71329,0.652942,0.653227,0.673689,0.714043,0.630619,0.570981,0.559332,0.528354,0.510835,0.584093,0.486213,0.513077
303.5,1.0428,0.924918,0.946663,0.969918,0.899104,0.90893,0.930727,0.849392,0.891721,0.920759,0.931258,0.941306,0.939283,0.944431,0.89682,0.869093,0.907072,0.793952,0.8317,0.727309,0.764405,0.765001,0.850611,0.71708,0.762956,0.799754,0.745935,0.744043,0.772926,0.667538,0.690875,0.708434,0.739698,0.65465,0.563818,0.556954,0.566919,0.529091,0.591319,0.46572,0.54064
303.0,1.08194,0.981219,0.967461,1.00384,0.946062,0.96156,0.963445,0.878205,0.914192,0.959744,0.964926,0.983345,0.968617,0.973364,0.942465,0.897049,0.946722,0.819793,0.862828,0.759679,0.776713,0.822812,0.868306,0.743535,0.810471,0.817553,0.776838,0.770699,0.808183,0.680633,0.717252,0.717841,0.774593,0.67888,0.595393,0.583199,0.551045,0.552925,0.597522,0.482758,0.565122
302.5,1.11369,1.02763,1.00966,1.03262,0.986877,1.0085,1.00738,0.945474,0.940387,0.995902,1.0034,1.00368,1.00025,0.99941,0.992735,0.928326,0.99171,0.850656,0.90795,0.826995,0.809968,0.860274,0.899541,0.75433,0.834284,0.841154,0.780153,0.802265,0.825044,0.717124,0.761095,0.743434,0.809515,0.702411,0.613395,0.578072,0.544388,0.539401,0.602284,0.470688,0.576638
302.0,1.15264,1.08369,1.0568,1.07097,1.01189,1.05109,1.02557,0.994041,0.966388,1.03072,1.02969,1.04015,1.02897,1.02261,1.01876,0.955111,1.01956,0.884216,0.934026,0.860174,0.854343,0.891604,0.943039,0.77763,0.872747,0.881488,0.790466,0.821115,0.839976,0.759862,0.798202,0.750711,0.845523,0.728215,0.614439,0.586438,0.583949,0.535205,0.615187,0.486308,0.593004
301.5,1.17226,1.11051,1.10222,1.10213,1.04601,1.07756,1.04739,1.03505,1.00875,1.05934,1.06893,1.05171,1.04433,1.05696,1.06031,0.989825,1.048,0.902189,0.956845,0.875537,0.897063,0.911587,0.965773,0.798847,0.883161,0.912448,0.830706,0.835097,0.867404,0.790815,0.845226,0.760305,0.875363,0.745656,0.62702,0.619323,0.581365,0.554235,0.632017,0.513007,0.566673
301.0,1.18851,1.12966,1.11569,1.13834,1.10057,1.1062,1.07671,1.04596,1.05293,1.08384,1.08996,1.07693,1.07955,1.0673,1.07866,1.01579,1.07132,0.938272,0.981784,0.920137,0.925903,0.944559,0.983301,0.827484,0.9074,0.925286,0.839994,0.849236,0.871674,0.820102,0.864973,0.789328,0.880488,0.766208,0.643372,0.61895,0.601568,0.563414,0.624042,0.513089,0.554383
300.5,1.21665,1.15362,1.13785,1.16472,1.14373,1.13608,1.09227,1.08506,1.0672,1.09357,1.10867,1.08118,1.0975,1.09856,1.10527,1.02855,1.09568,0.964537,1.00335,0.966894,0.935745,0.968148,0.975992,0.845083,0.936636,0.927198,0.847403,0.8657,0.917785,0.840091,0.893642,0.799478,0.884587,0.764505,0.646276,0.648381,0.642705,0.575907,0.627988,0.537187,0.588496
300.0,1.22006,1.17445,1.14622,1.19004,1.1734,1.16169,1.11761,1.1072,1.07383,1.11,1.12283,1.10272,1.10789,1.10613,1.12077,1.05343,1.09484,0.993641,1.02603,0.989922,0.961729,0.978052,0.990095,0.856176,0.926659,0.935928,0.868121,0.883548,0.904256,0.881955,0.924196,0.831925,0.872092,0.764102,0.665904,0.704702,0.657344,0.578318,0.610356,0.553861,0.59577
299.5,1.22425,1.1943,1.17799,1.2177,1.18398,1.17548,1.14785,1.14099,1.07771,1.13824,1.13341,1.14002,1.11919,1.11707,1.12359,1.04546,1.08653,1.02229,1.01984,1.00379,0.988183,0.987242,1.00131,0.869265,0.922096,0.930683,0.857935,0.907393,0.934023,0.905143,0.940877,0.842736,0.876703,0.773533,0.693469,0.715659,0.685301,0.610284,0.629408,0.565552,0.642143
299.0,1.23209,1.20227,1.20701,1.21993,1.21152,1.18565,1.15955,1.13306,1.10203,1.15387,1.13843,1.15562,1.14847,1.11002,1.12971,1.04302,1.09179,1.04101,1.02078,0.988706,0.977485,0.968443,1.01761,0.865421,0.903181,0.948837,0.874881,0.904375,0.93442,0.91221,0.941265,0.865017,0.897256,0.797177,0.711974,0.744029,0.695683,0.645151,0.65001,0.583039,0.658488
298.5,1.24305,1.21572,1.18585,1.22089,1.2158,1.20942,1.16506,1.13195,1.10542,1.15812,1.15829,1.14922,1.16738,1.09678,1.14187,1.03806,1.08227,1.05524,1.02177,0.984628,0.99323,0.989538,1.02505,0.88477,0.929307,0.952629,0.881557,0.925635,0.936756,0.920216,0.945316,0.883215,0.861168,0.825752,0.718031,0.763689,0.710109,0.666724,0.653242,0.601458,0.659386
298.0,1.24773,1.21833,1.19618,1.20971,1.21945,1.22335,1.1711,1.1376,1.10772,1.16868,1.15478,1.14237,1.17114,1.09762,1.12005,1.02074,1.09315,1.03389,1.02202,0.978098,0.984158,0.967522,1.01249,0.88637,0.945482,0.946452,0.871496,0.923547,0.927396,0.929403,0.965485,0.89006,0.874175,0.823179,0.742032,0.789286,0.741488,0.677225,0.660012,0.63009,0.670996
297.5,1.25327,1.23723,1.20724,1.21282,1.21422,1.20643,1.15304,1.14879,1.11396,1.18817,1.16614,1.12191,1.12899,1.10167,1.09811,1.02022,1.10715,1.01985,0.999791,0.982995,0.986326,0.947231,0.997858,0.869,0.93819,0.947625,0.867105,0.906768,0.922632,0.932512,0.974944,0.883678,0.892943,0.837912,0.747112,0.79015,0.770727,0.70564,0.671914,0.661691,0.680738
297.0,1.23419,1.23737,1.2112,1.20554,1.20044,1.2062,1.13182,1.14505,1.11244,1.17947,1.15189,1.10899,1.10143,1.11576,1.09541,1.00788,1.11123,1.01711,1.01336,0.956189,0.954747,0.907342,0.973507,0.861247,0.923976,0.948658,0.876914,0.903093,0.88482,0.940741,0.964492,0.889801,0.898393,0.825401,0.768753,0.791944,0.762355,0.736874,0.659505,0.68035,0.701985
296.5,1.22165,1.21808,1.18615,1.20729,1.18587,1.18178,1.12162,1.14818,1.1395,1.14981,1.13481,1.08171,1.09979,1.12612,1.05784,1.0166,1.10977,1.03065,0.988464,0.964269,0.949445,0.87863,0.972683,0.852279,0.898797,0.945502,0.876462,0.926687,0.880875,0.955109,0.987928,0.877831,0.891663,0.838144,0.771229,0.803231,0.794592,0.729328,0.684835,0.704678,0.73973
296.0,1.23736,1.20977,1.17534,1.20592,1.15485,1.16106,1.10826,1.11879,1.14777,1.13935,1.13982,1.0616,1.09405,1.1276,1.03427,1.03384,1.10737,1.04601,0.967639,0.937715,0.923117,0.848807,0.97848,0.868968,0.908673,0.932654,0.903284,0.928517,0.89437,0.970522,0.977707,0.896734,0.887096,0.829369,0.785265,0.837965,0.816696,0.753275,0.724533,0.730598,0.770417
295.5,1.24742,1.21249,1.18089,1.18836,1.1362,1.15637,1.11763,1.11028,1.14816,1.14374,1.13575,1.06986,1.08551,1.13777,1.02804,1.03448,1.10192,1.01724,0.976342,0.92646,0.93474,0.837452,0.956034,0.874178,0.905791,0.940027,0.914457,0.94496,0.941413,0.96222,0.966031,0.917998,0.895039,0.846915,0.801248,0.86291,0.789351,0.786799,0.735624,0.765245,0.771047
295.0,1.24695,1.20188,1.19056,1.17733,1.15006,1.15968,1.10097,1.11922,1.16134,1.16552,1.14606,1.05792,1.11972,1.14607,1.03863,1.03357,1.12011,1.02919,0.973256,0.955365,0.918399,0.848645,0.965069,0.909381,0.934104,0.923574,0.929435,0.947947,0.961582,0.968778,0.966486,0.954213,0.903096,0.841776,0.816877,0.871672,0.781836,0.811055,0.746205,0.760866,0.803165
294.5,1.27616,1.19989,1.20652,1.14904,1.15982,1.18925,1.10609,1.14118,1.17974,1.17003,1.14304,1.05375,1.10211,1.16343,1.0632,1.06249,1.11706,1.01669,0.994909,0.986058,0.921342,0.844677,0.967033,0.930804,0.967908,0.928498,0.945531,0.962786,1.00571,0.9871,0.993718,0.939891,0.929002,0.851288,0.838653,0.901392,0.828952,0.828991,0.78051,0.772461,0.868472
294.0,1.29941,1.26106,1.22139,1.16594,1.16272,1.21602,1.14471,1.15979,1.21485,1.19199,1.17138,1.09109,1.11276,1.173,1.08895,1.09849,1.14913,1.02015,1.01442,1.00704,0.940788,0.893275,1.00312,0.939054,0.98018,0.975526,0.98734,0.972643,1.00471,1.01086,1.01856,0.973002,0.955361,0.898755,0.855463,0.934813,0.83289,0.849973,0.82701,0.787707,0.883666
293.5,1.36445,1.31635,1.25933,1.2039,1.22031,1.25382,1.18004,1.16392,1.26704,1.23956,1.2109,1.13635,1.14796,1.19995,1.1095,1.11637,1.20587,1.01907,1.01523,1.03823,0.969783,0.933905,1.01198,0.983866,1.03503,1.01177,1.03555,1.01697,1.06753,1.06828,1.03008,1.0257,1.02546,0.930315,0.868841,0.942374,0.817834,0.885491,0.85827,0.810718,0.890646
293.0,1.42582,1.37154,1.31547,1.23527,1.29761,1.3179,1.22858,1.18467,1.34768,1.30824,1.27383,1.17945,1.17873,1.23586,1.16191,1.18198,1.25638,1.086,1.06962,1.11367,1.00593,0.981976,1.039,1.04435,1.0903,1.05527,1.0914,1.08514,1.0935,1.1022,1.09009,1.07085,1.05845,0.980737,0.900826,0.966285,0.841337,0.900135,0.884933,0.828323,0.888208
292.5,1.46516,1.44478,1.3848,1.27907,1.35485,1.38955,1.29248,1.25027,1.41042,1.36627,1.34755,1.24217,1.23188,1.28685,1.24012,1.24914,1.32963,1.17021,1.11905,1.18098,1.10711,1.04433,1.10964,1.13589,1.16312,1.09533,1.17491,1.16341,1.15362,1.15555,1.15554,1.14891,1.13057,1.01527,0.96553,0.984792,0.87234,0.914922,0.915801,0.863611,0.93483
292.0,1.55751,1.54234,1.48112,1.36944,1.45185,1.47162,1.36789,1.34961,1.49138,1.4325,1.4331,1.32564,1.31687,1.38086,1.3226,1.34709,1.40541,1.26089,1.20704,1.28096,1.1827,1.135,1.19799,1.21315,1.24818,1.16645,1.26881,1.253,1.26177,1.22076,1.25182,1.22123,1.19648,1.04411,1.05124,1.01153,0.944971,0.925883,0.950011,0.885898,0.956915
291.5,1.6648,1.64901,1.60614,1.47606,1.52676,1.57569,1.49373,1.48053,1.60233,1.5496,1.55732,1.40564,1.42909,1.52329,1.42763,1.43845,1.52617,1.39199,1.31906,1.37914,1.29238,1.24568,1.2884,1.302,1.33,1.27527,1.40342,1.37732,1.36801,1.29128,1.31111,1.31727,1.29032,1.11736,1.10971,1.0477,1.00032,0.956055,0.9754,0.911656,0.99495
291.0,1.79947,1.75616,1.74215,1.63563,1.65152,1.69689,1.63047,1.59787,1.72605,1.69218,1.67064,1.55816,1.57324,1.66135,1.59013,1.57314,1.66496,1.4881,1.44548,1.53443,1.42219,1.38355,1.43554,1.45492,1.48122,1.4005,1.54063,1.51885,1.50361,1.40567,1.43638,1.39178,1.38371,1.21268,1.20808,1.10729,1.06256,1.00054,1.02784,0.953547,1.01757
290.5,1.98179,1.90979,1.89545,1.82025,1.83142,1.85587,1.80395,1.78948,1.88513,1.86849,1.82303,1.71995,1.74224,1.80778,1.73671,1.74965,1.81925,1.64161,1.57761,1.72302,1.58463,1.54525,1.57642,1.60374,1.65503,1.53243,1.68456,1.66301,1.6633,1.54114,1.57607,1.52356,1.48172,1.30136,1.27201,1.19389,1.11658,1.03406,1.08815,1.00753,1.05328
290.0,2.18271,2.11434,2.08829,1.99235,2.01729,2.06699,2.00179,1.98573,2.06715,2.0602,2.02994,1.91094,1.92514,2.00208,1.90752,1.93908,2.01103,1.82552,1.78386,1.89348,1.76972,1.72486,1.76534,1.79349,1.86207,1.72921,1.88833,1.81789,1.85251,1.71838,1.72944,1.66654,1.61062,1.36263,1.36558,1.23925,1.1739,1.06194,1.13874,1.02781,1.04561
289.5,2.4075,2.34099,2.32219,2.19692,2.26219,2.28318,2.20988,2.20573,2.268,2.2466,2.24502,2.13262,2.13372,2.19866,2.1386,2.13812,2.21924,2.00165,1.98484,2.12479,1.98337,1.9448,1.97839,1.9752,2.05799,1.92246,2.04779,1.99383,2.02088,1.89825,1.9047,1.83919,1.72465,1.51529,1.4676,1.30479,1.22022,1.13919,1.16657,1.08888,1.06427
289.0,2.64588,2.57346,2.56145,2.45122,2.53909,2.51608,2.44523,2.43676,2.51669,2.46811,2.46406,2.3637,2.38039,2.41703,2.33179,2.3677,2.45025,2.22601,2.21236,2.35713,2.22707,2.16725,2.17731,2.21175,2.26069,2.12974,2.24977,2.20983,2.21819,2.10629,2.07367,2.00547,1.84039,1.64057,1.57119,1.39504,1.31017,1.1663,1.21589,1.10808,1.06749
288.5,2.93319,2.83339,2.79566,2.72581,2.78622,2.79882,2.70657,2.70832,2.78237,2.71877,2.71484,2.62785,2.63832,2.65781,2.57579,2.60655,2.71157,2.49819,2.42432,2.59388,2.45051,2.41367,2.43274,2.45043,2.48887,2.37821,2.47146,2.44528,2.43814,2.29091,2.2854,2.17125,1.99781,1.75366,1.6913,1.48073,1.38769,1.20505,1.27493,1.18908,1.08255
288.0,3.20817,3.10692,3.09781,3.02904,3.06227,3.10071,3.01049,2.98169,3.06313,2.99717,3.00782,2.91971,2.90667,2.95991,2.83713,2.90141,3.00101,2.77175,2.70811,2.86636,2.72688,2.70395,2.6851,2.68764,2.76117,2.64989,2.73173,2.7042,2.67831,2.53127,2.46966,2.35918,2.17944,1.88139,1.79148,1.5648,1.46038,1.22655,1.31158,1.22382,1.09894
287.5,3.48921,3.41464,3.42351,3.34529,3.37074,3.40247,3.3143,3.2806,3.35498,3.30181,3.29099,3.23089,3.18851,3.2528,3.15933,3.21446,3.28742,3.06844,3.00154,3.15361,3.03693,2.99023,2.97333,2.99181,3.04381,2.92085,2.99749,2.98486,2.94737,2.78179,2.70313,2.56603,2.35122,2.01185,1.87492,1.63355,1.50491,1.2952,1.36117,1.25181,1.11197
287.0,3.80031,3.71451,3.76126,3.66461,3.67801,3.74213,3.65084,3.61911,3.66482,3.65325,3.5982,3.54212,3.49101,3.579,3.49117,3.5302,3.5895,3.39536,3.35471,3.45831,3.35143,3.26624,3.31353,3.29212,3.3564,3.22318,3.29664,3.27239,3.24325,3.00345,2.96555,2.77878,2.55252,2.17167,2.02186,1.71511,1.58377,1.36991,1.38137,1.30265,1.16683
286.5,4.12788,4.05634,4.09453,4.02133,3.97093,4.07395,4.00622,3.99474,4.02208,3.96466,3.92864,3.86751,3.83885,3.92777,3.8536,3.87229,3.94095,3.73153,3.68969,3.77051,3.67912,3.59773,3.65046,3.62668,3.65839,3.56383,3.61443,3.55381,3.55075,3.29508,3.21475,3.00888,2.75576,2.33031,2.1669,1.802,1.65138,1.4396,1.42432,1.33997,1.17365
286.0,4.48681,4.42933,4.44817,4.41632,4.34069,4.40644,4.37889,4.37142,4.37287,4.32447,4.27811,4.227,4.22494,4.32029,4.21813,4.26302,4.28002,4.04959,4.04056,4.11103,3.99015,3.98155,3.98958,3.97172,4.02214,3.91206,3.95282,3.86942,3.87227,3.64077,3.47505,3.27739,2.95566,2.49773,2.29124,1.89383,1.73314,1.49342,1.45192,1.40206,1.19182
285.5,4.89084,4.82359,4.85018,4.80145,4.70237,4.79682,4.746,4.77416,4.77912,4.71144,4.62577,4.627,4.60397,4.69703,4.60168,4.63461,4.66911,4.40236,4.42272,4.47883,4.33928,4.358,4.35671,4.34113,4.37889,4.28337,4.3064,4.20838,4.17402,3.9647,3.76316,3.54422,3.18336,2.68225,2.41681,2.03165,1.7897,1.56526,1.50304,1.41295,1.21247
285.0,5.30855,5.21481,5.22925,5.19499,5.09772,5.1891,5.1477,5.16475,5.2096,5.13383,5.01011,5.0541,5.00088,5.08154,5.02117,5.03597,5.04119,4.77051,4.80204,4.83452,4.73436,4.7268,4.75202,4.75249,4.7455,4.67419,4.67564,4.54578,4.54692,4.34507,4.06659,3.84516,3.42967,2.85308,2.55317,2.13718,1.87135,1.59015,1.54043,1.44556,1.23466
284.5,5.71511,5.64048,5.63749,5.59938,5.54443,5.62895,5.55991,5.60922,5.65252,5.52477,5.43004,5.43863,5.43348,5.49025,5.43328,5.46991,5.40444,5.19656,5.21748,5.23219,5.14083,5.14381,5.15395,5.18621,5.13985,5.08019,5.05636,4.90803,4.95627,4.66842,4.42962,4.12828,3.63301,3.07494,2.68594,2.25235,1.92711,1.62582,1.56915,1.50244,1.24163
284.0,6.1145,6.11528,6.09935,6.03144,5.96404,6.06366,5.95878,6.06039,6.08428,5.95066,5.86475,5.88221,5.90454,5.91477,5.85013,5.89662,5.81401,5.65605,5.66666,5.64337,5.57431,5.58005,5.58433,5.60316,5.53047,5.51158,5.49398,5.3235,5.38342,5.02522,4.75344,4.46595,3.89255,3.28675,2.86735,2.35529,2.02244,1.6835,1.60326,1.52962,1.27784
283.5,6.57551,6.59036,6.56417,6.5001,6.44657,6.51552,6.40353,6.50798,6.52704,6.40496,6.36088,6.33692,6.3846,6.35405,6.33584,6.40666,6.27092,6.09817,6.11468,6.09538,6.04167,6.06107,6.05586,6.05923,5.96142,5.93283,5.91062,5.73854,5.78328,5.41765,5.09841,4.80485,4.17596,3.56857,3.0166,2.5205,2.10322,1.73636,1.64728,1.55335,1.31405
283.0,7.06104,7.05879,7.05186,6.98806,6.93651,7.01139,6.89445,7.01595,7.0268,6.92108,6.84491,6.83005,6.85856,6.84785,6.82564,6.88715,6.7232,6.56359,6.58811,6.54367,6.51677,6.55375,6.50286,6.55429,6.42245,6.39899,6.34057,6.15644,6.18487,5.84156,5.46289,5.12037,4.44575,3.81838,3.19523,2.65154,2.17979,1.74549,1.66087,1.56278,1.35573
282.5,7.54214,7.53604,7.56308,7.47574,7.43792,7.54313,7.39806,7.519,7.55087,7.44177,7.32604,7.32535,7.33418,7.35873,7.37256,7.41968,7.23801,7.06494,7.09666,7.06823,6.9818,7.06266,7.0654,7.05712,6.91277,6.87481,6.83505,6.62365,6.65082,6.30104,5.85214,5.4694,4.80381,4.07683,3.39871,2.74766,2.27772,1.78874,1.71816,1.59701,1.40144
282.0,8.07578,8.05411,8.11594,7.97104,7.99483,8.04796,7.94516,8.03559,8.1114,7.98335,7.86802,7.87047,7.87935,7.93245,7.91949,7.99572,7.74551,7.63637,7.63756,7.6387,7.49639,7.55426,7.58417,7.59199,7.44194,7.39878,7.39364,7.13273,7.11918,6.78456,6.27358,5.84509,5.1644,4.35975,3.58752,2.86487,2.38269,1.88666,1.72837,1.58541,1.46189
281.5,8.62457,8.61619,8.68118,8.52223,8.54688,8.58856,8.51536,8.61955,8.65386,8.57209,8.42425,8.46146,8.45322,8.54698,8.51709,8.56647,8.31705,8.22135,8.22194,8.22443,8.06339,8.08334,8.17515,8.14293,7.98097,7.94818,7.95898,7.66132,7.65241,7.31782,6.74861,6.26251,5.47059,4.65394,3.80889,3.02344,2.47957,1.97297,1.74277,1.63461,1.49416
281.0,9.25266,9.21922,9.27498,9.14158,9.11244,9.20304,9.11914,9.22474,9.24022,9.20562,9.04692,9.04897,9.12296,9.15284,9.14121,9.1266,8.93341,8.85246,8.83408,8.82852,8.62623,8.67717,8.78683,8.73083,8.57218,8.50922,8.51324,8.23546,8.20891,7.86496,7.28122,6.73441,5.87497,5.00429,4.09265,3.17873,2.60446,2.03751,1.80384,1.70339,1.53379
280.5,9.92109,9.8878,9.91032,9.78595,9.78124,9.83529,9.75674,9.90821,9.90488,9.81922,9.71032,9.70561,9.80176,9.82462,9.79128,9.77685,9.53209,9.55726,9.46833,9.46783,9.26643,9.36744,9.40805,9.39773,9.20968,9.12747,9.10234,8.84755,8.77946,8.45661,7.80167,7.19579,6.24871,5.38101,4.38418,3.34693,2.69289,2.11399,1.8562,1.69461,1.53519
280.0,10.6209,10.5669,10.6291,10.437,10.5246,10.5193,10.4417,10.5968,10.5979,10.5271,10.4322,10.4252,10.5222,10.5076,10.4968,10.4679,10.2033,10.2686,10.1333,10.1896,9.95643,10.0617,10.085,10.0844,9.88225,9.80695,9.75845,9.53428,9.39708,9.05807,8.39092,7.74201,6.67979,5.77739,4.63745,3.5208,2.85554,2.1208,1.92603,1.72297,1.58831
279.5,11.3799,11.3139,11.3526,11.2188,11.2657,11.2736,11.1821,11.3498,11.3516,11.2711,11.1923,11.1878,11.2714,11.2373,11.2227,11.1509,10.9864,10.9924,10.8835,10.9333,10.6824,10.7478,10.8092,10.8094,10.596,10.5001,10.4414,10.2399,10.0851,9.67679,9.01835,8.26963,7.1582,6.16349,4.95051,3.74877,3.01654,2.18401,1.97966,1.75287,1.63039
279.0,12.1707,12.1148,12.1449,12.0327,12.0537,12.0326,11.9551,12.1249,12.1497,12.0549,11.9689,11.9265,12.0339,12.0379,11.9819,11.8936,11.7762,11.8133,11.6652,11.7061,11.5181,11.5022,11.5899,11.5937,11.3428,11.1988,11.1562,10.9862,10.8354,10.3524,9.63558,8.77356,7.66419,6.61318,5.22722,3.94555,3.15139,2.26392,2.05096,1.77517,1.64542
278.5,12.9945,12.9493,12.97,12.8478,12.895,12.8593,12.789,12.9077,12.9636,12.9325,12.8318,12.7105,12.9071,12.8147,12.8032,12.729,12.5865,12.6643,12.4922,12.5491,12.3483,12.3229,12.3891,12.4293,12.1517,11.9633,11.923,11.7729,11.5652,11.0706,10.318,9.36472,8.13801,7.06765,5.57841,4.15787,3.27585,2.38291,2.14216,1.80171,1.66655
278.0,13.8686,13.8094,13.8915,13.731,13.7907,13.7287,13.7232,13.7775,13.8215,13.7924,13.7029,13.6014,13.8045,13.7137,13.6531,13.5823,13.5239,13.5378,13.3246,13.449,13.2068,13.2083,13.2471,13.2723,13.004,12.8006,12.7062,12.5951,12.3338,11.7929,11.0069,10.0093,8.67366,7.50531,5.90455,4.39932,3.4622,2.45475,2.19277,1.82838,1.68453
277.5,14.8293,14.7039,14.8117,14.6634,14.724,14.6458,14.6675,14.6735,14.718,14.7102,14.6407,14.5207,14.7264,14.6154,14.6066,14.481,14.4018,14.4411,14.2181,14.3452,14.1106,14.1059,14.1538,14.131,13.8603,13.659,13.5602,13.4635,13.0924,12.5728,11.77,10.6842,9.2815,7.97664,6.22288,4.60475,3.63558,2.593,2.27486,1.84598,1.71672
277.0,15.8319,15.6624,15.77,15.642,15.7055,15.5937,15.6725,15.6538,15.7055,15.6702,15.5716,15.4629,15.6618,15.5488,15.5501,15.4027,15.3624,15.38,15.1521,15.2758,15.0729,15.0166,15.0616,15.0309,14.7452,14.618,14.4572,14.3778,13.9499,13.3696,12.531,11.3426,9.84785,8.45642,6.58497,4.84334,3.79626,2.6884,2.33628,1.93262,1.72964
276.5,16.8289,16.6631,16.7889,16.6207,16.6625,16.5863,16.6762,16.6133,16.6856,16.6663,16.555,16.4552,16.6339,16.4996,16.508,16.3369,16.3572,16.4045,16.0857,16.2757,16.0104,15.9333,16.0377,15.9962,15.6819,15.5796,15.4164,15.3034,14.8606,14.2173,13.3643,12.041,10.4669,8.9184,6.99371,5.12311,3.97248,2.79766,2.45283,1.97728,1.73206
276.0,17.8687,17.6829,17.8043,17.6716,17.6733,17.6556,17.7789,17.6291,17.7346,17.7187,17.5875,17.4922,17.6446,17.5038,17.548,17.3363,17.4018,17.4192,17.1342,17.2529,17.0361,16.9122,17.0296,16.9973,16.6465,16.5478,16.3647,16.2627,15.8147,15.1081,14.2314,12.8012,11.0991,9.3763,7.4173,5.4218,4.12516,2.9546,2.53188,2.01177,1.74141
275.5,18.8623,18.7608,18.8705,18.7618,18.7418,18.729,18.8724,18.7031,18.7582,18.751,18.6843,18.5568,18.7072,18.5417,18.5824,18.3378,18.4194,18.4068,18.1671,18.2829,18.0592,17.9498,18.064,18.046,17.6446,17.5418,17.3288,17.2088,16.783,16.0086,15.1438,13.5753,11.7547,9.84243,7.84176,5.73622,4.28949,3.07625,2.59762,2.04468,1.70488
275.0,19.9712,19.8703,19.9095,19.8973,19.8418,19.8479,19.9894,19.8252,19.8323,19.8434,19.7507,19.6643,19.7997,19.5357,19.6404,19.4121,19.4756,19.4103,19.2268,19.3021,19.1442,19.0587,19.1309,19.0714,18.6933,18.5978,18.3298,18.2182,17.7061,16.9045,16.0278,14.389,12.4269,10.3814,8.26829,6.05292,4.53365,3.18166,2.72992,2.08586,1.7541
274.5,21.0761,20.9812,21.0024,20.9658,20.9661,20.9684,21.092,20.9672,20.9702,20.9685,20.8664,20.7691,20.8856,20.5859,20.6598,20.5314,20.5302,20.4922,20.354,20.3544,20.2024,20.1437,20.161,20.1184,19.7892,19.6585,19.3703,19.2867,18.6951,17.8261,16.8934,15.1537,13.0986,10.9244,8.68513,6.33602,4.6827,3.35272,2.80241,2.12647,1.77945
274.0,22.175,22.078,22.1441,22.0885,22.071,22.0907,22.2601,22.0587,22.0759,22.1016,21.9894,21.8994,22.0082,21.6656,21.7177,21.596,21.6661,21.556,21.4695,21.4326,21.3423,21.1717,21.2816,21.2391,20.8395,20.7602,20.4584,20.291,19.6986,18.7854,17.7157,15.9896,13.8347,11.4801,9.10194,6.66202,4.93205,3.46619,2.85472,2.21642,1.76718
273.5,23.3127,23.2222,23.2752,23.2484,23.1665,23.2182,23.409,23.1642,23.2017,23.1829,23.0587,23.0072,23.0786,22.8453,22.8803,22.7398,22.8157,22.6297,22.6054,22.546,22.4167,22.2773,22.4072,22.3014,21.9443,21.8636,21.5589,21.347,20.7336,19.7414,18.5954,16.8035,14.5204,12.0696,9.53137,6.95671,5.18204,3.64655,2.8886,2.3037,1.74047
273.0,24.4827,24.3218,24.43,24.3645,24.3274,24.4123,24.5494,24.3083,24.3092,24.3674,24.2018,24.1138,24.1733,23.9669,24.0038,23.8971,23.9391,23.7401,23.7364,23.6868,23.5387,23.3823,23.4446,23.3887,23.0318,22.9626,22.6313,22.3655,21.7672,20.6947,19.471,17.6135,15.2502,12.6485,9.9237,7.26881,5.36824,3.83985,2.9917,2.30614,1.71029
272.5,25.6002,25.4317,25.5946,25.438,25.4979,25.5653,25.6831,25.4227,25.4444,25.4395,25.3514,25.2422,25.3147,25.1429,25.1273,25.0114,25.0712,24.8233,24.85,24.8127,24.6342,24.5309,24.5762,24.504,24.1227,24.1201,23.7276,23.3902,22.7962,21.7027,20.4023,18.4141,15.9568,13.1905,10.3813,7.57441,5.54832,4.0072,3.06313,2.38419,1.72354
272.0,26.6432,26.5583,26.7062,26.6253,26.6246,26.7702,26.8447,26.5779,26.5896,26.5445,26.4545,26.4149,26.4662,26.3036,26.2596,26.1145,26.1699,25.9471,25.9735,25.9483,25.7393,25.6274,25.6972,25.5722,25.2009,25.2623,24.857,24.4525,23.8415,22.6916,21.3241,19.2704,16.6823,13.7885,10.824,7.81585,5.77119,4.12594,3.08333,2.42695,1.73438
271.5,27.7225,27.7143,27.8143,27.7286,27.6879,27.9223,27.9137,27.6941,27.6311,27.6702,27.5553,27.5314,27.5449,27.4419,27.3841,27.2499,27.2498,27.0427,27.0959,27.113,26.8469,26.7631,26.7852,26.6618,26.3465,26.3227,25.9339,25.5332,24.8816,23.7443,22.2776,20.0399,17.4077,14.3427,11.2696,8.16082,5.92742,4.29815,3.15441,2.45832,1.77683
271.0,28.8369,28.8891,28.9356,28.8542,28.832,29.0627,28.9575,28.8756,28.7555,28.816,28.66,28.6672,28.6355,28.5487,28.5295,28.4315,28.3499,28.1568,28.2711,28.2034,27.9292,27.8829,27.9089,27.7396,27.4297,27.4505,27.0299,26.5957,25.9238,24.8137,23.2074,20.8586,18.1038,14.9514,11.7436,8.539,6.11051,4.47419,3.20986,2.44422,1.83502
270.5,29.9513,30.0103,30.0535,29.937,29.9102,30.1625,30.0826,30.001,29.7964,29.9348,29.785,29.76,29.7184,29.6852,29.6369,29.5604,29.4863,29.2791,29.4071,29.2947,29.0305,28.9853,28.9452,28.8654,28.5756,28.5272,28.1085,27.6697,26.938,25.8127,24.0823,21.7298,18.7898,15.5405,12.237,8.84852,6.34281,4.65215,3.26701,2.43754,1.88818
270.0,31.0368,31.1117,31.1415,31.0224,30.9644,31.2232,31.1396,31.1044,30.8621,31.0583,30.8952,30.8367,30.8317,30.8393,30.7079,30.6601,30.5201,30.3904,30.5115,30.3912,30.1495,30.0653,30.0021,29.9144,29.6856,29.5528,29.1742,28.7305,27.9463,26.8342,24.9711,22.5214,19.5008,16.1196,12.729,9.18902,6.54105,4.84035,3.31533,2.44311,1.88993
269.5,32.1093,32.2112,32.1941,32.0593,32.0535,32.2227,32.1387,32.1836,31.8989,32.1295,31.9988,31.929,31.9464,31.9039,31.8242,31.7401,31.6315,31.4795,31.5663,31.501,31.2496,31.1452,30.9822,30.9397,30.7261,30.6085,30.2164,29.7435,28.9372,27.7713,25.8581,23.3061,20.1859,16.6573,13.1902,9.47818,6.78777,4.98687,3.38882,2.52436,1.92131
269.0,33.1748,33.2649,33.2399,33.1213,33.0958,33.2292,33.1278,33.2009,32.9276,33.1958,32.9969,32.9507,33.0048,32.9528,32.8278,32.8215,32.6485,32.5243,32.6238,32.5046,32.339,32.2003,31.9531,31.9166,31.8482,31.6074,31.214,30.7355,29.8911,28.6686,26.6475,24.0479,20.8505,17.251,13.6083,9.71269,7.0563,5.15251,3.47031,2.61334,1.99155
268.5,34.2081,34.261,34.2044,34.0606,34.0307,34.2526,34.0656,34.295,33.9867,34.182,33.9951,33.9735,33.9911,33.9741,33.8139,33.855,33.6531,33.5711,33.611,33.4991,33.2862,33.164,32.9019,32.8774,32.8157,32.5524,32.2019,31.677,30.7999,29.5618,27.4299,24.773,21.4412,17.8547,13.9836,10.0288,7.16713,5.27603,3.58726,2.638,1.99357
268.0,35.1699,35.2004,35.1601,35.0246,34.9951,35.0928,34.9652,35.1768,34.9769,35.1078,34.986,34.9468,34.9374,34.9875,34.8014,34.7488,34.6248,34.5018,34.5391,34.4173,34.3058,34.123,33.8291,33.7888,33.7375,33.5075,33.1412,32.5373,31.725,30.3314,28.1872,25.4359,22.1567,18.371,14.3685,10.3141,7.39331,5.30399,3.62981,2.64229,1.99138
267.5,36.0303,36.0885,36.0812,35.8512,35.9054,36.0005,35.7958,36.0573,35.845,35.9911,35.7853,35.7882,35.8655,35.8817,35.6847,35.628,35.5087,35.3801,35.4086,35.2658,35.1699,34.9565,34.7275,34.6837,34.591,34.3414,33.9822,33.3753,32.5369,31.0725,28.9748,26.062,22.7248,18.8011,14.6998,10.5613,7.54208,5.41627,3.71472,2.64955,2.03804
267.0,36.8066,36.8458,36.7843,36.5547,36.7569,36.7785,36.462,36.8842,36.6005,36.7448,36.6101,36.6044,36.6987,36.6711,36.5015,36.4292,36.3067,36.2217,36.2271,36.0485,35.9668,35.7408,35.4802,35.3591,35.4542,35.1835,34.7345,34.1445,33.3093,31.7807,29.5883,26.5985,23.2437,19.1571,14.9654,10.8439,7.59698,5.50188,3.7854,2.68577,2.03744
266.5,37.4962,37.5769,37.4588,37.2393,37.3615,37.4707,37.1291,37.588,37.2724,37.4093,37.3031,37.3422,37.4118,37.4314,37.1485,37.12,37.0036,36.9505,36.8591,36.7195,36.6267,36.41,36.2073,35.9867,36.0943,35.8511,35.4268,34.7724,33.9314,32.4742,30.1803,27.1414,23.6815,19.4933,15.2827,11.0154,7.70453,5.57467,3.88952,2.65685,2.10212
266.0,37.9872,38.1147,37.9587,37.8408,37.8478,37.9693,37.723,38.139,37.8077,38.0245,37.8992,37.8799,38.0285,38.0092,37.6783,37.7002,37.5394,37.5606,37.4494,37.2771,37.2338,37.0209,36.7806,36.579,36.6703,36.4395,36.0536,35.356,34.4389,32.9671,30.658,27.6172,24.0319,19.8176,15.4914,11.2241,7.81261,5.64736,3.931,2.68654,2.18497
265.5,38.4543,38.4211,38.2693,38.2207,38.2465,38.3755,38.1109,38.5155,38.2424,38.5266,38.3594,38.2672,38.4322,38.4,38.1323,38.1928,37.9656,38.0209,37.8763,37.7192,37.736,37.5531,37.2343,37.0342,37.1679,36.8252,36.4562,35.8811,34.8877,33.3457,31.0066,28.0271,24.2908,20.0567,15.6375,11.4578,7.96937,5.76904,4.03554,2.64691,2.24298
265.0,38.8102,38.6482,38.4802,38.4387,38.5827,38.6092,38.4083,38.7751,38.5391,38.8305,38.6834,38.5647,38.7536,38.6323,38.4262,38.4686,38.2872,38.3125,38.1989,37.9994,38.0756,37.8256,37.5114,37.264,37.4269,37.1217,36.6836,36.1593,35.1975,33.5793,31.1549,28.2804,24.497,20.2798,15.7491,11.5411,8.05394,5.87241,4.03745,2.72093,2.2553
264.5,38.923,38.6588,38.5786,38.5016,38.6597,38.7869,38.5794,38.8999,38.7139,39.017,38.8263,38.6916,38.8571,38.8126,38.6226,38.5989,38.4368,38.4373,38.3744,38.0802,38.2836,37.9437,37.6253,37.4588,37.6044,37.2714,36.8708,36.2507,35.3614,33.6898,31.304,28.4089,24.5998,20.3741,15.7905,11.5989,8.12073,5.90636,4.03162,2.73972,2.16719
264.0,38.7923,38.5531,38.472,38.3948,38.5616,38.7255,38.518,38.7712,38.6651,38.9366,38.7651,38.6649,38.8882,38.8165,38.4623,38.4937,38.4217,38.3208,38.3228,38.0849,38.2471,37.942,37.5942,37.4773,37.6018,37.266,36.8221,36.191,35.3754,33.7468,31.3902,28.3943,24.6108,20.3831,15.8223,11.6421,8.13318,5.9047,4.08663,2.71305,2.06138
263.5,38.4521,38.2408,38.1667,38.071,38.2848,38.4925,38.2091,38.4913,38.4058,38.6786,38.467,38.4698,38.6326,38.6559,38.2614,38.3514,38.2767,38.0931,38.1086,37.8882,38.0375,37.776,37.4563,37.3011,37.3651,37.1109,36.5956,35.9592,35.2114,33.6166,31.2473,28.2714,24.5218,20.2579,15.6745,11.5834,8.14142,5.86996,4.14109,2.75596,2.08904
263.0,37.9793,37.7799,37.7439,37.6652,37.7947,38.1121,37.8673,38.097,38.0389,38.2611,38.0701,38.0682,38.1954,38.2274,37.7827,38.0274,37.8571,37.7116,37.7242,37.4238,37.68,37.4104,37.1519,36.9508,37.0286,36.7104,36.2567,35.6597,34.9049,33.2997,30.9141,28.0372,24.3411,20.0745,15.4968,11.4039,8.08448,5.77644,4.19137,2.7973,2.05593
262.5,37.2924,37.1561,37.1174,36.9629,37.1844,37.4493,37.2677,37.458,37.4182,37.7202,37.5393,37.5599,37.552,37.6056,37.204,37.551,37.2714,37.1796,37.1688,36.883,37.0559,36.8846,36.7825,36.4984,36.5031,36.2382,35.7681,35.1691,34.3801,32.86,30.5227,27.7175,23.9783,19.7996,15.3116,11.3253,8.00743,5.74033,4.10307,2.76061,2.02564
262.0,36.4297,36.2994,36.3408,36.1122,36.417,36.6358,36.5196,36.6604,36.5924,36.8969,36.759,36.7266,36.7391,36.7808,36.544,36.7157,36.4988,36.4428,36.4312,36.1659,36.2875,36.1096,36.0478,35.8634,35.829,35.5499,35.1042,34.5079,33.8299,32.2675,29.9754,27.1954,23.6273,19.4875,15.0907,11.1398,7.93703,5.64914,4.04298,2.7064,2.01078
261.5,35.3918,35.2484,35.3854,35.1459,35.4165,35.7181,35.5617,35.6436,35.6218,35.8826,35.7722,35.7031,35.727,35.8558,35.6513,35.7978,35.6566,35.5404,35.5419,35.3843,35.3621,35.2087,35.1456,35.0381,35.0167,34.7206,34.207,33.7146,33.0314,31.6589,29.2852,26.5598,23.0433,19.0728,14.7884,10.8858,7.75314,5.62821,3.99267,2.69769,1.85895
261.0,34.2182,34.0764,34.2094,34.0523,34.1894,34.6117,34.4999,34.5018,34.5137,34.6766,34.6518,34.5659,34.5125,34.8084,34.5959,34.7293,34.4953,34.4496,34.4341,34.3103,34.3029,34.1367,34.1155,34.0051,34.0325,33.7222,33.2563,32.7013,32.0425,30.9076,28.3734,25.8555,22.4233,18.5625,14.3615,10.6738,7.5454,5.497,3.93672,2.60816,1.76397
260.5,32.9088,32.6945,32.9086,32.7781,32.8129,33.2302,33.1816,33.1763,33.2247,33.5008,33.337,33.2772,33.23,33.5425,33.3463,33.4757,33.2411,33.1796,33.1396,33.1345,33.1092,32.9702,32.8221,32.8312,32.7211,32.5422,32.1433,31.5907,30.8836,29.9443,27.4179,25.0574,21.6739,17.9761,13.9422,10.356,7.37448,5.29633,3.90099,2.53735,1.73015
260.0,31.3719,31.1756,31.4083,31.2644,31.3158,31.6982,31.8145,31.7701,31.8405,32.1698,31.8785,31.8843,31.8538,32.0594,31.9749,32.1112,31.8312,31.7827,31.7517,31.8098,31.85,31.6216,31.5048,31.6527,31.4221,31.1753,30.8709,30.2724,29.7163,28.7024,26.4072,24.089,20.8051,17.3563,13.4974,10.0826,7.23365,5.1143,3.76336,2.37268,1.65971
259.5,29.7319,29.6468,29.8477,29.6566,29.7718,30.1162,30.2204,30.228,30.2657,30.6042,30.2949,30.3982,30.2693,30.3919,30.4932,30.5623,30.3677,30.2866,30.2955,30.2669,30.3414,30.0871,30.0318,30.2068,29.9729,29.7036,29.3978,28.8769,28.296,27.3717,25.2549,22.9988,19.8925,16.5551,13.0116,9.69662,7.08368,4.92916,3.55731,2.31033,1.65707
259.0,28.0864,27.9783,28.23,27.9429,28.0074,28.4775,28.4232,28.5403,28.5614,28.7798,28.6429,28.7897,28.5791,28.7427,28.8649,28.9388,28.7871,28.5917,28.716,28.6899,28.7019,28.4419,28.4906,28.632,28.3908,28.1391,27.8941,27.3046,26.7893,25.9494,23.982,21.7614,18.9109,15.698,12.458,9.25333,6.79626,4.70748,3.41026,2.24514,1.50209
258.5,26.1956,26.1746,26.4915,26.2452,26.2214,26.7191,26.6427,26.7739,26.8401,27.0997,26.8813,27.0579,26.7936,27.0531,27.1178,27.2073,26.9956,26.8417,27.0861,26.955,26.9002,26.7493,26.8134,27.0027,26.8368,26.4857,26.295,25.6631,25.2108,24.4827,22.703,20.519,17.8442,14.7854,11.799,8.86841,6.37629,4.45361,3.29715,2.20061,1.42622
258.0,24.291,24.2619,24.6035,24.4253,24.361,24.7946,24.7313,24.9384,25.0231,25.143,25.0549,25.2875,24.9118,25.249,25.2143,25.3859,25.1532,25.1372,25.2748,25.1644,25.0142,25.0296,25.038,25.2757,25.123,24.7545,24.5007,24.0607,23.4879,22.8973,21.2479,19.2726,16.7088,13.8956,11.1224,8.35968,6.1414,4.19605,3.21036,2.14443,1.39429
257.5,22.309,22.3135,22.6836,22.5194,22.4282,22.8024,22.8559,22.9645,23.1021,23.1985,23.217,23.4229,22.9551,23.2619,23.2743,23.4941,23.2047,23.3418,23.3673,23.3071,23.1375,23.1251,23.2228,23.3794,23.2692,22.8441,22.8431,22.3577,21.6906,21.2039,19.6936,17.8283,15.4674,12.8842,10.3838,7.82956,5.67855,3.92929,3.06329,1.98451,1.38124
257.0,20.2765,20.266,20.652,20.5279,20.4439,20.8437,20.9152,21.0481,21.239,21.2184,21.2702,21.3409,20.9931,21.2401,21.2408,21.5682,21.244,21.4083,21.5038,21.3433,21.127,21.1611,21.2747,21.4292,21.3961,20.9821,21.0201,20.4717,19.9668,19.4541,18.0625,16.4575,14.2182,11.9132,9.68064,7.22523,5.28229,3.52164,2.82665,1.87054,1.23712
256.5,18.1509,18.1527,18.5359,18.4231,18.4456,18.6934,18.7871,18.9683,19.1485,19.1926,19.2634,19.2595,18.9912,19.2272,19.2941,19.4753,19.2516,19.4571,19.5333,19.334,19.1043,19.0823,19.212,19.4437,19.4479,19.051,19.0991,18.5877,18.1319,17.7455,16.4862,14.9896,12.9048,10.912,8.95522,6.63314,4.93985,3.28883,2.54864,1.72288,1.15826
256.0,16.0072,16.0734,16.4078,16.3198,16.3204,16.5431,16.5735,16.8193,16.9491,17.0169,17.2461,17.1214,16.965,17.1959,17.2967,17.2773,17.2335,17.3695,17.422,17.3422,17.0681,17.0861,17.0777,17.4004,17.4134,17.0264,17.1184,16.7148,16.3521,15.9577,14.8077,13.4189,11.5639,9.91044,8.11256,5.99571,4.4608,2.98539,2.34701,1.62495,1.14072
255.5,13.8353,13.9398,14.2095,14.1929,14.1396,14.51,14.4019,14.6696,14.865,14.9036,15.0334,14.9473,14.8241,15.056,15.1017,15.1514,15.132,15.1801,15.3078,15.2037,15.0409,15.0482,14.9946,15.3496,15.2456,14.9939,15.1428,14.8328,14.3049,14.0998,13.0766,11.9535,10.2087,8.75574,7.19215,5.39814,4.02226,2.69376,2.0762,1.46518,0.938982
255.0,11.5855,11.8083,11.9952,12.0874,11.8525,12.3404,12.271,12.4617,12.6729,12.7183,12.8463,12.7584,12.7174,12.8836,12.9131,12.967,13.0023,13.0243,13.1272,12.9366,12.9308,12.9406,12.8904,13.2312,13.1558,12.8478,13.0883,12.8872,12.3041,12.1836,11.2646,10.4194,8.76166,7.6548,6.32805,4.84424,3.63307,2.33913,1.83702,1.35414,0.917384
254.5,9.40011,9.67798,9.79116,9.90129,9.68611,10.1494,9.9732,10.3264,10.4218,10.597,10.6396,10.5695,10.6151,10.5839,10.7409,10.7678,10.962,10.8272,10.9981,10.8167,10.7395,10.8276,10.7748,11.2383,10.958,10.7459,11.0009,10.8348,10.39,10.2017,9.58392,8.795,7.32189,6.50781,5.44286,4.14657,3.14803,2.04294,1.50715,1.16702,0.869772
254.0,7.21976,7.47839,7.63665,7.743,7.55578,7.93312,7.73757,8.08031,8.19379,8.33781,8.50989,8.45706,8.45859,8.37999,8.57125,8.62919,8.79459,8.67979,8.8612,8.64341,8.62645,8.72143,8.73015,9.1595,8.88998,8.60447,8.80614,8.87162,8.48863,8.25879,7.7958,7.28193,5.93539,5.35933,4.60495,3.4452,2.7234,1.75728,1.28392,1.10864,0.818559
253.5,5.07524,5.35946,5.5484,5.58019,5.44338,5.79421,5.53507,5.82992,6.02205,5.97209,6.41065,6.3393,6.2174,6.26281,6.49905,6.44508,6.63293,6.48893,6.79867,6.46305,6.45129,6.53212,6.63307,7.03165,6.83927,6.45585,6.76552,6.8599,6.47136,6.35752,6.01464,5.54524,4.55138,4.17652,3.68393,2.6655,2.22469,1.45046,0.957956,0.981269,0.793345
253.0,3.0037,3.14905,3.4419,3.38361,3.28934,3.56909,3.33941,3.60038,3.89387,3.729,4.31056,4.18858,4.05186,4.19384,4.3533,4.33963,4.40758,4.38249,4.66804,4.34202,4.34243,4.39491,4.52628,4.90071,4.83254,4.43695,4.71242,4.88511,4.58919,4.58279,4.22964,4.01615,3.14361,3.00782,2.77902,1.98651,1.61138,1.11544,0.765207,0.923661,0.606485
252.5,0.840393,1.11215,1.352,1.25706,1.24361,1.40822,1.32997,1.47751,1.87127,1.71964,2.201,2.12003,1.93567,2.12924,2.18777,2.23114,2.25273,2.30235,2.51814,2.30471,2.30083,2.29766,2.43013,2.83136,2.81846,2.40786,2.71929,2.92646,2.60498,2.84863,2.51796,2.56426,1.81712,1.95536,1.77232,1.35116,1.029,0.837254,0.551054,0.757667,0.445475
252.0,-1.2893,-0.86197,-0.729044,-0.77812,-0.720023,-0.752538,-0.668941,-0.623824,-0.15975,-0.376521,0.0600689,-0.017775,-0.131049,0.0153213,0.12539,0.211316,0.243122,0.311897,0.459268,0.239009,0.292727,0.322678,0.481419,0.881229,0.787371,0.499206,0.765745,1.03362,0.761678,1.0355,0.870816,1.12141,0.583359,0.91316,0.915913,0.568533,0.611697,0.534109,0.292273,0.453353,0.458729
251.5,-3.28126,-2.81327,-2.66273,-2.76547,-2.78243,-2.80127,-2.66069,-2.69453,-2.13181,-2.37213,-1.91749,-2.08267,-2.16314,-2.05721,-1.83695,-1.81691,-1.68665,-1.71039,-1.57429,-1.66062,-1.56587,-1.6117,-1.39766,-1.04987,-1.25291,-1.43251,-0.993496,-0.885905,-0.996181,-0.681876,-0.705532,-0.442986,-0.632677,-0.160012,0.103049,-0.0426159,0.21003,0.12509,0.0503963,0.188607,0.243473
251.0,-5.21071,-4.67603,-4.62356,-4.709,-4.70531,-4.69834,-4.67387,-4.63472,-4.13261,-4.27979,-3.92623,-4.00477,-4.08382,-3.93437,-3.7828,-3.7088,-3.53091,-3.61885,-3.38983,-3.49382,-3.45307,-3.53907,-3.38078,-2.88624,-3.1386,-3.21383,-2.87246,-2.71048,-2.67147,-2.27798,-2.3602,-1.70096,-1.76734,-1.22631,-0.719557,-0.731154,-0.179831,-0.214951,-0.301717,0.0862507,0.109138
250.5,-6.90689,-6.48527,-6.46905,-6.51978,-6.55769,-6.57991,-6.51672,-6.46089,-5.97062,-6.06758,-5.7428,-5.79371,-5.93061,-5.75349,-5.55101,-5.58332,-5.34761,-5.40642,-5.26251,-5.26161,-5.18347,-5.33912,-5.0829,-4.60586,-4.92498,-4.94197,-4.60166,-4.33794,-4.38292,-3.91151,-3.8058,-2.98326,-2.88051,-2.19661,-1.62303,-1.31147,-0.438413,-0.400741,-0.623753,-0.0990196,-0.0152798
250.0,-8.54587,-8.10686,-8.17062,-8.1747,-8.25733,-8.18774,-8.21085,-8.1725,-7.71285,-7.81817,-7.52471,-7.4257,-7.67805,-7.48893,-7.25351,-7.37291,-7.01572,-7.16685,-7.04854,-6.87913,-6.80108,-6.97971,-6.68357,-6.28278,-6.71149,-6.58803,-6.22261,-5.90814,-5.94993,-5.47852,-5.23218,-4.29961,-4.01653,-3.18293,-2.48972,-1.8565,-0.933255,-0.680558,-0.840754,-0.328797,-0.155904
249.5,-10.0822,-9.74174,-9.77338,-9.76983,-9.84729,-9.66254,-9.75158,-9.73549,-9.23898,-9.42283,-9.15939,-9.04846,-9.22763,-9.01543,-8.91862,-9.00981,-8.65567,-8.84831,-8.60895,-8.48874,-8.39173,-8.57232,-8.17949,-7.83782,-8.29184,-8.16699,-7.7853,-7.48359,-7.49329,-6.8427,-6.61047,-5.44564,-5.05443,-3.99801,-3.18309,-2.33035,-1.28124,-0.966127,-1.10642,-0.636127,-0.413929
249.0,-11.4947,-11.2352,-11.2512,-11.1754,-11.2386,-11.2337,-11.1744,-11.1267,-10.7138,-10.9408,-10.6457,-10.4594,-10.645,-10.5061,-10.4976,-10.4441,-10.0943,-10.2677,-10.0289,-9.86103,-9.83987,-9.97771,-9.64002,-9.23474,-9.7147,-9.5134,-9.22088,-8.94185,-8.9259,-8.14924,-7.83676,-6.5386,-6.04125,-4.84518,-3.81644,-2.83028,-1.62475,-1.25355,-1.36921,-0.799738,-0.558926
248.5,-12.7715,-12.5801,-12.563,-12.5925,-12.4736,-12.5946,-12.5586,-12.5318,-12.1413,-12.2592,-11.9041,-11.7638,-11.9932,-11.8319,-11.8546,-11.7197,-11.4167,-11.5714,-11.3578,-11.1474,-11.1802,-11.3297,-10.915,-10.5853,-10.9757,-10.8161,-10.4663,-10.3095,-10.1955,-9.35538,-8.85574,-7.55184,-6.90057,-5.65471,-4.42633,-3.38513,-2.01215,-1.50985,-1.57539,-0.959026,-0.651872
248.0,-13.9839,-13.7712,-13.6669,-13.8261,-13.6369,-13.8315,-13.7542,-13.8472,-13.3063,-13.3356,-13.0401,-12.9627,-13.2277,-13.0062,-13.0888,-12.863,-12.7426,-12.7368,-12.5209,-12.3259,-12.2895,-12.5544,-12.1718,-11.7891,-12.1024,-11.9814,-11.5413,-11.4498,-11.2872,-10.5539,-9.95815,-8.45901,-7.67524,-6.3834,-5.07493,-3.83733,-2.29588,-1.75408,-1.73437,-1.1966,-0.755945
247.5,-15.0567,-14.803,-14.8024,-14.8724,-14.7629,-14.91,-14.6848,-14.8329,-14.3553,-14.3405,-14.1285,-14.008,-14.3441,-14.0825,-14.1948,-13.8777,-13.7701,-13.8307,-13.5588,-13.4396,-13.4149,-13.6224,-13.3133,-12.8711,-13.1952,-13.0037,-12.5751,-12.5138,-12.2589,-11.4804,-10.8464,-9.38119,-8.43104,-6.91893,-5.50545,-4.23262,-2.64784,-2.03912,-1.89995,-1.42129,-0.886994
247.0,-15.9968,-15.7031,-15.7311,-15.784,-15.6594,-15.8072,-15.5953,-15.6989,-15.2157,-15.2327,-15.0596,-14.9629,-15.2717,-14.991,-15.2117,-14.912,-14.7137,-14.6868,-14.5142,-14.3826,-14.4166,-14.4188,-14.2536,-13.8374,-14.1865,-13.9327,-13.4963,-13.4971,-13.1257,-12.3788,-11.656,-10.0875,-9.09604,-7.43527,-5.95338,-4.49787,-2.83408,-2.36458,-2.05741,-1.53155,-1.09253
246.5,-16.8068,-16.4192,-16.5879,-16.4662,-16.3963,-16.5168,-16.3773,-16.3921,-16.0314,-16.047,-15.842,-15.8291,-15.9603,-15.8159,-16.0613,-15.7015,-15.4186,-15.4319,-15.3478,-15.163,-15.2005,-15.165,-15.1021,-14.6505,-15.1093,-14.6757,-14.2132,-14.2497,-13.9109,-13.0667,-12.3327,-10.6723,-9.65537,-7.81352,-6.37183,-4.74776,-3.10031,-2.5358,-2.201,-1.69534,-1.12971
246.0,-17.3863,-17.0451,-17.2493,-17.0595,-17.063,-17.1698,-17.0363,-16.9716,-16.7499,-16.6997,-16.5471,-16.5029,-16.6333,-16.5022,-16.7462,-16.3304,-16.065,-16.0194,-16.0308,-15.8823,-15.9216,-15.757,-15.7157,-15.2832,-15.7922,-15.3059,-14.8764,-14.825,-14.4926,-13.7425,-12.8163,-11.2575,-10.0407,-8.2507,-6.72238,-5.02003,-3.31645,-2.73852,-2.44919,-1.80079,-1.20857
245.5,-17.8329,-17.6315,-17.7686,-17.65,-17.558,-17.5834,-17.5208,-17.4547,-17.3421,-17.2493,-17.0626,-17.0909,-17.1329,-17.024,-17.2428,-16.8815,-16.507,-16.5173,-16.5724,-16.3846,-16.4261,-16.3583,-16.2778,-15.8392,-16.3278,-15.8831,-15.4197,-15.3244,-14.949,-14.237,-13.2969,-11.7559,-10.538,-8.63936,-6.95805,-5.183,-3.54782,-2.92465,-2.64629,-1.89234,-1.48668
245.0,-18.1956,-18.0259,-18.1686,-18.08,-17.8977,-17.9281,-17.9976,-17.7663,-17.7904,-17.6339,-17.4034,-17.411,-17.4673,-17.3878,-17.6333,-17.2635,-16.9504,-16.9848,-17.0084,-16.8193,-16.9233,-16.7614,-16.7864,-16.2763,-16.7526,-16.2725,-15.9204,-15.748,-15.4331,-14.5821,-13.6709,-12.0643,-10.8759,-8.94011,-7.19462,-5.31595,-3.75059,-3.06445,-2.77654,-2.00829,-1.60514
244.5,-18.4122,-18.2518,-18.3371,-18.3414,-18.1185,-18.2065,-18.2777,-18.0494,-18.0367,-17.9513,-17.6879,-17.7457,-17.6104,-17.6339,-17.8458,-17.5179,-17.2498,-17.277,-17.357,-17.1884,-17.1964,-17.0552,-17.0849,-16.5853,-17.0031,-16.5212,-16.2431,-15.9797,-15.7065,-14.8926,-13.905,-12.4242,-11.0648,-9.11586,-7.35934,-5.44516,-3.95466,-3.10917,-2.83491,-2.09231,-1.64218
244.0,-18.5473,-18.3356,-18.3944,-18.4669,-18.2963,-18.2737,-18.3221,-18.1988,-18.2272,-18.1611,-17.9292,-17.9503,-17.7285,-17.8081,-17.9795,-17.7679,-17.4465,-17.5286,-17.5013,-17.4584,-17.4236,-17.283,-17.2702,-16.8028,-17.1856,-16.7389,-16.4729,-16.1827,-15.8725,-15.0876,-14.1479,-12.6458,-11.1866,-9.26649,-7.45735,-5.56445,-4.16112,-3.28162,-2.83447,-2.18703,-1.67916
243.5,-18.5862,-18.4222,-18.3848,-18.5969,-18.3477,-18.3904,-18.4176,-18.2775,-18.2215,-18.212,-17.9058,-18.0653,-17.8025,-17.8583,-17.9885,-17.8231,-17.5393,-17.6618,-17.5485,-17.5706,-17.5072,-17.36,-17.4161,-16.9058,-17.1295,-16.9255,-16.6327,-16.2974,-15.9704,-15.1035,-14.2423,-12.6913,-11.3368,-9.27638,-7.4914,-5.55306,-4.25713,-3.33629,-2.88785,-2.26663,-1.77389
243.0,-18.5074,-18.3397,-18.2121,-18.4798,-18.2652,-18.4254,-18.343,-18.2541,-18.2196,-18.1859,-17.8982,-17.9797,-17.8221,-17.9149,-18.0013,-17.7538,-17.4843,-17.6052,-17.535,-17.5442,-17.4854,-17.3188,-17.4085,-16.9146,-17.022,-16.9029,-16.6262,-16.2992,-15.9965,-15.1524,-14.2176,-12.81,-11.3723,-9.29925,-7.554,-5.5942,-4.27615,-3.36199,-2.86179,-2.33316,-1.83558
242.5,-18.3902,-18.1765,-18.0346,-18.287,-18.1984,-18.2891,-18.1751,-18.1469,-18.1095,-18.0371,-17.7995,-17.83,-17.6907,-17.7991,-17.7242,-17.6592,-17.4484,-17.4867,-17.3976,-17.4848,-17.4032,-17.2906,-17.29,-16.7591,-16.9255,-16.8514,-16.5113,-16.1929,-15.8908,-15.1237,-14.1809,-12.8261,-11.3886,-9.29028,-7.56476,-5.60721,-4.28587,-3.38309,-2.84632,-2.32101,-1.84224
242.0,-18.0707,-18.0129,-17.8405,-18.0015,-18.0401,-18.0566,-17.9068,-17.9158,-17.8644,-17.8205,-17.6092,-17.6933,-17.4737,-17.5267,-17.4993,-17.4773,-17.2522,-17.3137,-17.1902,-17.3536,-17.1953,-17.0745,-17.0452,-16.5773,-16.7761,-16.6592,-16.3715,-16.0594,-15.6888,-15.0097,-14.0616,-12.7689,-11.3088,-9.25083,-7.52798,-5.63221,-4.31861,-3.38285,-2.76273,-2.4158,-1.92624
241.5,-17.7113,-17.7054,-17.571,-17.6944,-17.7344,-17.7756,-17.5363,-17.5599,-17.5908,-17.5666,-17.3407,-17.3352,-17.1795,-17.1891,-17.2031,-17.2392,-16.99,-17.0374,-16.9493,-17.0572,-16.9539,-16.7844,-16.7238,-16.3703,-16.5724,-16.3582,-16.1511,-15.8317,-15.3995,-14.7828,-13.8883,-12.6322,-11.1412,-9.10275,-7.38285,-5.50804,-4.39841,-3.39787,-2.75308,-2.42945,-1.99404
241.0,-17.3072,-17.2709,-17.1207,-17.2598,-17.2541,-17.3405,-17.1742,-17.1734,-17.2177,-17.2151,-16.8939,-17.0462,-16.7986,-16.912,-16.8581,-16.8644,-16.7193,-16.5953,-16.653,-16.7125,-16.5672,-16.4605,-16.3766,-16.1303,-16.269,-16.0613,-15.929,-15.493,-15.173,-14.5077,-13.5875,-12.3809,-10.9241,-9.01065,-7.26052,-5.42287,-4.28616,-3.3413,-2.72343,-2.37263,-1.97994
240.5,-16.8212,-16.7545,-16.6232,-16.7674,-16.7702,-16.8938,-16.7392,-16.7772,-16.8476,-16.7998,-16.5001,-16.6673,-16.4114,-16.5276,-16.3966,-16.4488,-16.2977,-16.2557,-16.2508,-16.3292,-16.1421,-16.1222,-15.9787,-15.7422,-15.9043,-15.6762,-15.5157,-15.1335,-14.8408,-14.1687,-13.2665,-12.1099,-10.6588,-8.80753,-7.16066,-5.32411,-4.28718,-3.19066,-2.72045,-2.40165,-2.0138
240.0,-16.3022,-16.2877,-16.0732,-16.2474,-16.2879,-16.3891,-16.2466,-16.3202,-16.3659,-16.2158,-16.0381,-16.1961,-16.0238,-16.0156,-15.958,-15.9941,-15.8469,-15.8268,-15.7706,-15.924,-15.6454,-15.6925,-15.5121,-15.2531,-15.4167,-15.2857,-15.0888,-14.6107,-14.4639,-13.8577,-12.9375,-11.8134,-10.3641,-8.5954,-7.01225,-5.25332,-4.23135,-3.15664,-2.64822,-2.35051,-2.01826
239.5,-15.7687,-15.7701,-15.4846,-15.7455,-15.7125,-15.7982,-15.6794,-15.7832,-15.8701,-15.6494,-15.4667,-15.6912,-15.546,-15.4819,-15.389,-15.5222,-15.3444,-15.3425,-15.2338,-15.3429,-15.1455,-15.1683,-15.0637,-14.8038,-14.9147,-14.8001,-14.6748,-14.2032,-14.0658,-13.4687,-12.6002,-11.4617,-10.1506,-8.38787,-6.78771,-5.12094,-4.09168,-3.01566,-2.55473,-2.32362,-1.99905
239.0,-15.1562,-15.1792,-14.8636,-15.0999,-15.163,-15.1546,-15.1138,-15.2753,-15.3036,-15.047,-14.9729,-15.0528,-14.972,-14.929,-14.8552,-14.9347,-14.8513,-14.8071,-14.7432,-14.822,-14.6118,-14.6083,-14.5778,-14.2369,-14.3422,-14.2459,-14.1587,-13.7161,-13.5726,-13.0646,-12.2754,-11.1459,-9.82635,-8.14462,-6.55307,-5.0151,-3.98097,-3.00137,-2.47416,-2.32068,-1.92479
238.5,-14.4764,-14.5971,-14.2418,-14.5463,-14.5562,-14.5065,-14.4604,-14.6503,-14.6905,-14.4508,-14.3881,-14.4531,-14.3949,-14.3427,-14.2209,-14.355,-14.2425,-14.2462,-14.192,-14.2014,-14.045,-14.0706,-14.0616,-13.6993,-13.798,-13.7029,-13.6216,-13.2297,-13.0525,-12.6747,-11.8741,-10.7354,-9.43701,-7.9496,-6.3442,-4.91324,-3.82395,-2.92892,-2.36063,-2.18489,-1.83166
238.0,-13.8828,-14.0039,-13.5813,-13.8483,-13.9103,-13.8811,-13.7501,-13.948,-14.1117,-13.7965,-13.768,-13.8689,-13.8219,-13.7861,-13.6423,-13.7298,-13.5923,-13.6032,-13.617,-13.5841,-13.4113,-13.4819,-13.4402,-13.1471,-13.2122,-13.2103,-13.0156,-12.7216,-12.5714,-12.1748,-11.3524,-10.2987,-9.11829,-7.64623,-6.13742,-4.66488,-3.71937,-2.91214,-2.34098,-2.10587,-1.77206
237.5,-13.2094,-13.3131,-12.9152,-13.2536,-13.2217,-13.2157,-13.1452,-13.2504,-13.4785,-13.0727,-13.0706,-13.2467,-13.2222,-13.1581,-12.9895,-13.026,-12.9814,-12.9499,-13.0694,-12.8961,-12.766,-12.8589,-12.8511,-12.642,-12.6016,-12.621,-12.3552,-12.2524,-12.018,-11.6561,-10.8388,-9.83494,-8.75297,-7.35378,-5.83827,-4.43022,-3.58258,-2.79744,-2.21808,-2.00149,-1.73051
237.0,-12.4739,-12.5798,-12.2595,-12.4692,-12.4834,-12.537,-12.4925,-12.5443,-12.807,-12.3969,-12.4313,-12.561,-12.5336,-12.5082,-12.3261,-12.3337,-12.4008,-12.3199,-12.4254,-12.2831,-12.1641,-12.1755,-12.1474,-12.0724,-12.0575,-12.0039,-11.7618,-11.6876,-11.448,-11.1019,-10.3,-9.47083,-8.31231,-7.09385,-5.57595,-4.24561,-3.37505,-2.65603,-2.15269,-1.84893,-1.66929
236.5,-11.7716,-11.9131,-11.6156,-11.7719,-11.7904,-11.7641,-11.7794,-11.8548,-12.1223,-11.7416,-11.7183,-11.9464,-11.8529,-11.7974,-11.6791,-11.678,-11.7717,-11.6077,-11.8226,-11.6996,-11.5248,-11.5606,-11.5538,-11.454,-11.5721,-11.3481,-11.1932,-11.1191,-10.8346,-10.575,-9.74579,-8.9964,-7.87472,-6.79078,-5.3054,-3.99021,-3.31208,-2.53722,-2.06777,-1.6798,-1.57029
236.0,-11.0402,-11.1847,-10.9448,-11.0677,-11.0526,-11.0684,-11.1119,-11.1431,-11.3638,-11.005,-11.021,-11.2718,-11.2079,-11.1182,-11.0325,-10.9497,-11.1053,-10.9848,-11.2219,-11.0273,-10.8456,-10.9724,-10.9039,-10.86,-11.0257,-10.761,-10.5771,-10.5353,-10.2551,-10.0106,-9.14644,-8.4231,-7.38053,-6.4925,-4.9938,-3.75928,-3.13101,-2.3703,-1.96907,-1.67664,-1.47451
235.5,-10.2838,-10.4662,-10.2484,-10.4388,-10.2445,-10.3495,-10.5316,-10.4671,-10.5833,-10.369,-10.3377,-10.5505,-10.5303,-10.4801,-10.3454,-10.2738,-10.4877,-10.3339,-10.654,-10.3209,-10.2446,-10.3693,-10.2874,-10.2961,-10.4161,-10.2423,-9.99725,-9.95329,-9.6872,-9.43567,-8.57774,-7.96294,-6.93043,-6.17003,-4.74058,-3.50168,-2.97036,-2.19643,-1.84793,-1.57436,-1.31678
235.0,-9.6563,-9.76616,-9.57416,-9.74821,-9.55876,-9.66367,-9.86603,-9.81162,-9.87101,-9.67066,-9.64299,-9.89145,-9.84547,-9.86642,-9.71592,-9.62871,-9.86265,-9.75986,-10.0267,-9.649,-9.67025,-9.76092,-9.69334,-9.72593,-9.79829,-9.62838,-9.46437,-9.36161,-9.19818,-8.89455,-8.06838,-7.44328,-6.55918,-5.81237,-4.42638,-3.34469,-2.74063,-2.03607,-1.76653,-1.45862,-1.18428
234.5,-8.96016,-9.13675,-8.86672,-9.07717,-8.92236,-8.97035,-9.20593,-9.15944,-9.17641,-9.05543,-9.01669,-9.21711,-9.17155,-9.14602,-9.06268,-9.01224,-9.19834,-9.16905,-9.38248,-9.01218,-9.08486,-9.19607,-9.04716,-9.14643,-9.11821,-9.01566,-8.7872,-8.79733,-8.6038,-8.27953,-7.56266,-6.95042,-6.20967,-5.40418,-4.15227,-3.15534,-2.54871,-1.90602,-1.57236,-1.3143,-1.12244
234.0,-8.27795,-8.49722,-8.23195,-8.41128,-8.32948,-8.31626,-8.54439,-8.47312,-8.52563,-8.40372,-8.34299,-8.5391,-8.52225,-8.50314,-8.36102,-8.36756,-8.5369,-8.50719,-8.77401,-8.29061,-8.49395,-8.59912,-8.4445,-8.50574,-8.45448,-8.43286,-8.22608,-8.22477,-8.00882,-7.69599,-7.0859,-6.44181,-5.84591,-5.07741,-3.81381,-2.9108,-2.33413,-1.77835,-1.40874,-1.21091,-1.03729
233.5,-7.63286,-7.83945,-7.56652,-7.74915,-7.72435,-7.67541,-7.84715,-7.80387,-7.88168,-7.70401,-7.72598,-7.90056,-7.84198,-7.95597,-7.73479,-7.70029,-7.9051,-7.83988,-8.15561,-7.6142,-7.96006,-7.9984,-7.79226,-7.89622,-7.86086,-7.8077,-7.73147,-7.69142,-7.46458,-7.0802,-6.5361,-6.01673,-5.42612,-4.76254,-3.47469,-2.61594,-2.04709,-1.65087,-1.27059,-1.13889,-0.926476
233.0,-6.95292,-7.23152,-6.93815,-7.13349,-7.12018,-7.10715,-7.19076,-7.17799,-7.21424,-7.07668,-7.12578,-7.26008,-7.19123,-7.37174,-7.15003,-7.04861,-7.32475,-7.28056,-7.56629,-7.06518,-7.42569,-7.39649,-7.16861,-7.22475,-7.33506,-7.26545,-7.15602,-7.16521,-6.90335,-6.52276,-6.01362,-5.56228,-5.02409,-4.43355,-3.20251,-2.43667,-1.85031,-1.53452,-1.08353,-1.05332,-0.847118
232.5,-6.3445,-6.61307,-6.32685,-6.51279,-6.5269,-6.51637,-6.58605,-6.51587,-6.58306,-6.47891,-6.42239,-6.72081,-6.57148,-6.77417,-6.51507,-6.54637,-6.72789,-6.7445,-6.94719,-6.51473,-6.86598,-6.82436,-6.55079,-6.69831,-6.74143,-6.71991,-6.59839,-6.72982,-6.35045,-6.05735,-5.5258,-5.08019,-4.57785,-4.0543,-2.917,-2.21993,-1.63017,-1.3513,-0.926408,-0.876038,-0.741479
232.0,-5.74587,-6.05718,-5.78374,-5.82537,-5.9667,-6.03849,-6.04695,-5.89416,-6.0054,-5.88194,-5.80423,-6.11794,-5.96498,-6.24273,-5.91403,-5.96935,-6.20072,-6.18899,-6.37636,-6.02286,-6.34091,-6.26704,-6.00604,-6.22225,-6.20151,-6.10277,-6.05372,-6.19403,-5.83155,-5.4615,-5.05986,-4.66484,-4.24778,-3.63094,-2.65614,-2.02699,-1.4593,-1.14761,-0.746312,-0.749946,-0.63212
231.5,-5.10984,-5.45699,-5.2587,-5.2542,-5.38886,-5.53059,-5.48821,-5.32425,-5.40298,-5.30407,-5.32946,-5.50212,-5.42144,-5.64275,-5.36024,-5.46525,-5.69562,-5.66121,-5.86711,-5.54438,-5.80151,-5.79181,-5.46822,-5.64706,-5.73846,-5.58575,-5.60069,-5.73227,-5.30861,-5.0274,-4.66553,-4.24593,-3.85797,-3.2565,-2.43504,-1.79198,-1.23969,-0.998072,-0.628617,-0.614988,-0.468306
231.0,-4.56711,-4.95274,-4.79456,-4.67394,-4.891,-4.91938,-5.02588,-4.82994,-4.87935,-4.75663,-4.79253,-4.93011,-4.91005,-5.08028,-4.8015,-4.99762,-5.17962,-5.16408,-5.29381,-5.03355,-5.31926,-5.28758,-4.96316,-5.10753,-5.26613,-5.09617,-5.19708,-5.19469,-4.86147,-4.582,-4.28602,-3.88924,-3.53452,-2.90518,-2.15295,-1.59656,-1.04903,-0.808556,-0.454848,-0.448375,-0.341352
230.5,-4.1066,-4.43865,-4.32261,-4.15898,-4.4254,-4.3928,-4.53099,-4.3151,-4.36227,-4.26202,-4.26923,-4.45581,-4.41122,-4.65435,-4.24582,-4.54491,-4.71347,-4.63371,-4.78077,-4.58252,-4.814,-4.8162,-4.51594,-4.60832,-4.80273,-4.60379,-4.76895,-4.72239,-4.38721,-4.12094,-3.93287,-3.42582,-3.20529,-2.59948,-1.90475,-1.3563,-0.880508,-0.656882,-0.276295,-0.368754,-0.153661
230.0,-3.6384,-3.94873,-3.8292,-3.66337,-3.98665,-3.87895,-3.9872,-3.80736,-3.90536,-3.80727,-3.79293,-4.00139,-3.94158,-4.19599,-3.78822,-4.00943,-4.14968,-4.20524,-4.37676,-4.11291,-4.43325,-4.36517,-4.119,-4.22001,-4.26095,-4.14962,-4.28856,-4.28427,-3.94101,-3.71878,-3.55987,-2.99524,-2.90401,-2.28867,-1.66456,-1.13558,-0.669514,-0.397411,-0.0715477,-0.24234,0.00515022
229.5,-3.18968,-3.53701,-3.37612,-3.19678,-3.56567,-3.46581,-3.53361,-3.38222,-3.49953,-3.3865,-3.32885,-3.51575,-3.47571,-3.73614,-3.33906,-3.64152,-3.66622,-3.73847,-3.88319,-3.70216,-4.03806,-3.85865,-3.69416,-3.83658,-3.75733,-3.73536,-3.88138,-3.82088,-3.50574,-3.38215,-3.23488,-2.67392,-2.5769,-1.97186,-1.45197,-0.977016,-0.492507,-0.215817,0.0928329,-0.0677605,0.176642
229.0,-2.8225,-3.11571,-2.95499,-2.78292,-3.19357,-3.07018,-3.10208,-3.01011,-3.16476,-2.9053,-2.90579,-3.05712,-3.09546,-3.38079,-2.92877,-3.29553,-3.22468,-3.33965,-3.45965,-3.33216,-3.60227,-3.4377,-3.31338,-3.45843,-3.33509,-3.28374,-3.47689,-3.30388,-3.04018,-3.09175,-2.95869,-2.33124,-2.32503,-1.70339,-1.16346,-0.755352,-0.332477,-0.0858101,0.290094,0.0903328,0.25708
228.5,-2.41811,-2.67987,-2.55446,-2.36481,-2.82418,-2.66315,-2.69086,-2.59619,-2.75927,-2.54938,-2.48899,-2.65449,-2.65706,-3.01642,-2.50489,-2.93047,-2.77647,-2.89201,-3.03398,-3.01293,-3.20897,-3.04793,-2.94314,-3.07628,-2.93556,-2.85376,-3.057,-2.89321,-2.64537,-2.75365,-2.6193,-2.00708,-2.01116,-1.44861,-0.893747,-0.489823,-0.13129,0.091597,0.47021,0.30904,0.46838
228.0,-2.04457,-2.3062,-2.19464,-2.02666,-2.42348,-2.31566,-2.34527,-2.199,-2.39101,-2.13823,-2.16865,-2.25749,-2.38785,-2.62573,-2.08688,-2.50804,-2.36373,-2.47595,-2.66319,-2.67125,-2.81773,-2.59643,-2.62388,-2.71674,-2.6343,-2.41617,-2.67974,-2.54243,-2.31736,-2.4457,-2.24951,-1.71697,-1.7339,-1.20729,-0.658047,-0.245935,0.0851265,0.269596,0.601502,0.482383,0.612244
227.5,-1.74176,-1.98125,-1.93383,-1.70989,-2.07333,-1.96302,-2.02344,-1.83176,-2.07762,-1.7452,-1.88519,-1.94899,-2.1056,-2.30483,-1.82823,-2.14475,-2.00286,-2.17982,-2.3743,-2.41419,-2.46646,-2.24812,-2.27358,-2.37562,-2.3464,-2.07611,-2.35241,-2.2015,-2.01268,-2.20976,-1.96277,-1.52685,-1.38011,-0.965002,-0.500138,-0.04011,0.19966,0.486049,0.744073,0.655106,0.812925
227.0,-1.48873,-1.72031,-1.66977,-1.42184,-1.7303,-1.72072,-1.70992,-1.51474,-1.67926,-1.49062,-1.62344,-1.5832,-1.79236,-2.03311,-1.5375,-1.8806,-1.69504,-1.86868,-2.1141,-2.11878,-2.05179,-1.93432,-2.00822,-2.14038,-2.07977,-1.7979,-2.06945,-1.9598,-1.7378,-1.93762,-1.58645,-1.24197,-1.08596,-0.690121,-0.359845,0.185764,0.299009,0.701012,0.899669,0.815974,1.03236
226.5,-1.22083,-1.5038,-1.4036,-1.11634,-1.48224,-1.34402,-1.4613,-1.25304,-1.34763,-1.22919,-1.3073,-1.22726,-1.56142,-1.68315,-1.22156,-1.54827,-1.40388,-1.58084,-1.83614,-1.81767,-1.71477,-1.63992,-1.72161,-1.95289,-1.77968,-1.5263,-1.76307,-1.68066,-1.42693,-1.64634,-1.34925,-0.996474,-0.795175,-0.382274,-0.16947,0.468012,0.491693,0.90189,1.17388,0.971193,1.18819
226.0,-0.958862,-1.17817,-1.12776,-0.837744,-1.18037,-1.10883,-1.26336,-0.973348,-1.08625,-0.977628,-1.07323,-1.01626,-1.36078,-1.43364,-0.977727,-1.20355,-1.03921,-1.27358,-1.52312,-1.5292,-1.42104,-1.39841,-1.47106,-1.73781,-1.4779,-1.26335,-1.53793,-1.40605,-1.15166,-1.27746,-1.11343,-0.723884,-0.550945,-0.085408,0.0850906,0.69766,0.680084,1.10383,1.33226,1.08602,1.36821
225.5,-0.732757,-0.957539,-0.895061,-0.654368,-0.97757,-0.839855,-0.992958,-0.803234,-0.890343,-0.813928,-0.851931,-0.795403,-1.18844,-1.15549,-0.804806,-0.929649,-0.774945,-0.973528,-1.34043,-1.24456,-1.12033,-1.14096,-1.24839,-1.45126,-1.28235,-1.09447,-1.22201,-1.10153,-0.896631,-1.05163,-0.922915,-0.498226,-0.301758,0.116559,0.359333,0.959669,0.886751,1.38352,1.45441,1.27609,1.58302
225.0,-0.530889,-0.76523,-0.644002,-0.503492,-0.749148,-0.576193,-0.749126,-0.567735,-0.75839,-0.636226,-0.600116,-0.576043,-0.987442,-0.889447,-0.594096,-0.649449,-0.545522,-0.702097,-1.08308,-0.906617,-0.915052,-0.873884,-0.977398,-1.18821,-1.03095,-0.881687,-0.973787,-0.756124,-0.568945,-0.764827,-0.635348,-0.218841,-0.0264378,0.358643,0.674024,1.17714,1.22203,1.63762,1.69483,1.44679,1.81733
224.5,-0.387566,-0.568885,-0.452761,-0.353226,-0.496821,-0.411723,-0.477645,-0.415391,-0.522739,-0.423043,-0.447097,-0.346292,-0.805618,-0.654988,-0.376953,-0.354479,-0.278431,-0.546499,-0.808041,-0.666052,-0.677769,-0.661884,-0.706717,-0.963413,-0.860242,-0.597229,-0.625433,-0.550408,-0.334874,-0.493704,-0.240599,0.132505,0.147194,0.560455,0.969391,1.32448,1.49268,1.86425,1.88983,1.64829,1.99866
224.0,-0.210413,-0.419855,-0.264535,-0.219656,-0.339499,-0.285342,-0.217464,-0.224704,-0.376461,-0.22984,-0.250624,-0.180769,-0.601284,-0.41655,-0.215212,-0.123822,-0.0865211,-0.350883,-0.659898,-0.463664,-0.418308,-0.436257,-0.439953,-0.746572,-0.562609,-0.397725,-0.295345,-0.30157,-0.124921,-0.327323,0.0506313,0.350737,0.427502,0.803714,1.18948,1.57751,1.75404,2.10733,2.17092,1.88673,2.15658
223.5,0.0169212,-0.24425,-0.087426,-0.100192,-0.242612,-0.0887779,-0.0282372,-0.118539,-0.11847,-0.0396164,-0.0601204,0.0351433,-0.421215,-0.23539,-0.047789,0.110302,0.069405,-0.104599,-0.41238,-0.28288,-0.159504,-0.133631,-0.176612,-0.502978,-0.338493,-0.151272,-0.140695,0.00612221,0.0585854,-0.0402252,0.317435,0.611386,0.754521,1.05691,1.43096,1.7664,1.98429,2.23184,2.33467,2.17483,2.39225
223.0,0.184833,-0.0633762,0.0412537,-0.0338348,-0.00661087,0.0954773,0.121168,0.0347488,0.157113,0.148886,0.164284,0.245631,-0.198643,-0.0482933,0.129779,0.400513,0.192236,0.0803883,-0.104005,0.0245247,0.140116,0.151214,0.128563,-0.142393,-0.0827816,0.163771,0.147396,0.298169,0.227747,0.306829,0.577262,0.924108,1.08536,1.39588,1.74547,2.02343,2.24745,2.39263,2.53826,2.45044,2.64359
222.5,0.351453,0.105387,0.135846,0.104349,0.165907,0.313511,0.309851,0.284686,0.36563,0.316233,0.271972,0.3886,0.0277065,0.242479,0.31908,0.63346,0.404728,0.341255,0.185254,0.239418,0.435133,0.388705,0.391201,0.107613,0.197389,0.384681,0.429403,0.394571,0.489614,0.608659,0.90747,1.21634,1.41163,1.69229,2.03433,2.29481,2.50698,2.58339,2.73185,2.74436,2.92941
222.0,0.443388,0.330794,0.199815,0.354227,0.390753,0.56613,0.414143,0.496476,0.613024,0.486372,0.504077,0.589235,0.222926,0.470872,0.510531,0.891483,0.633138,0.652956,0.459458,0.441643,0.678396,0.646756,0.629074,0.441002,0.454194,0.667645,0.753104,0.601309,0.760125,0.975137,1.23448,1.54117,1.70089,2.06587,2.37696,2.57446,2.75797,2.79132,2.95242,2.94874,3.14
221.5,0.614544,0.493213,0.324762,0.600218,0.65165,0.732347,0.671008,0.786758,0.82415,0.678172,0.674412,0.829623,0.477054,0.629914,0.719437,1.07952,0.878059,0.939658,0.71833,0.689484,0.900426,0.952487,0.88119,0.804126,0.789922,0.849881,1.03115,0.815169,1.17932,1.27062,1.58732,1.86504,2.09146,2.40229,2.6443,2.87117,3.02179,2.99628,3.20513,3.1829,3.37681
221.0,0.854764,0.695608,0.605951,0.743243,0.88745,0.978539,0.919726,1.01715,1.12533,0.897786,1.01737,1.14861,0.8056,0.961171,1.00149,1.31809,1.10977,1.26221,1.06657,1.00163,1.2724,1.29468,1.28212,1.0829,1.14906,1.18539,1.33998,1.25105,1.59734,1.68429,1.97335,2.21999,2.42281,2.71137,2.97968,3.2141,3.24103,3.25322,3.45602,3.42974,3.64758
220.5,1.15418,0.975918,0.865674,0.929911,1.08545,1.26833,1.15749,1.25765,1.33984,1.1754,1.38643,1.50008,1.14098,1.4336,1.32545,1.67492,1.36356,1.60509,1.49084,1.2747,1.60503,1.6829,1.64926,1.46764,1.52398,1.63385,1.65027,1.65541,2.08171,2.09594,2.21731,2.68,2.69999,3.15353,3.40476,3.42944,3.6052,3.49344,3.72958,3.69005,3.93799
220.0,1.37702,1.30948,1.13997,1.17192,1.3581,1.55849,1.48317,1.6192,1.59473,1.46845,1.80745,1.76803,1.41144,1.74928,1.55453,1.99631,1.68914,1.96759,1.83396,1.66407,1.98927,2.13161,2.04872,1.90071,2.0174,1.96111,2.02867,2.02321,2.50628,2.54501,2.55349,3.07189,3.05392,3.48344,3.81274,3.65064,3.88471,3.8766,3.89288,3.93994,4.21195
